block,timestamp,reserve0,reserve1,totalsupply,reserve0tkn,reserve1tkn,price,sINV
11052000,1602654558,1.308072461370721,35.2,10.0,wNXM,BNT,0.03716114947075912,0.6785584030888526
11053000,1602667579,1.308072461370721,35.2,10.0,wNXM,BNT,0.03716114947075912,0.6785584030888526
11054000,1602681529,1.308072461370721,35.2,10.0,wNXM,BNT,0.03716114947075912,0.6785584030888526
11055000,1602694261,1.308072461370721,35.2,10.0,wNXM,BNT,0.03716114947075912,0.6785584030888526
11056000,1602707585,1.308072461370721,35.2,10.0,wNXM,BNT,0.03716114947075912,0.6785584030888526
11057000,1602720186,1.308072461370721,35.2,10.0,wNXM,BNT,0.03716114947075912,0.6785584030888526
11058000,1602732764,1.308072461370721,35.2,10.0,wNXM,BNT,0.03716114947075912,0.6785584030888526
11059000,1602746405,1.308072461370721,35.2,10.0,wNXM,BNT,0.03716114947075912,0.6785584030888526
11060000,1602760147,1.308072461370721,35.2,10.0,wNXM,BNT,0.03716114947075912,0.6785584030888526
11061000,1602772966,1.308072461370721,35.2,10.0,wNXM,BNT,0.03716114947075912,0.6785584030888526
11062000,1602786263,1.308072461370721,35.2,10.0,wNXM,BNT,0.03716114947075912,0.6785584030888526
11063000,1602799114,1.308072461370721,35.2,10.0,wNXM,BNT,0.03716114947075912,0.6785584030888526
11064000,1602812329,1.308072461370721,35.2,10.0,wNXM,BNT,0.03716114947075912,0.6785584030888526
11065000,1602825913,1.308072461370721,35.2,10.0,wNXM,BNT,0.03716114947075912,0.6785584030888526
11066000,1602838713,1.308072461370721,35.2,10.0,wNXM,BNT,0.03716114947075912,0.6785584030888526
11067000,1602851884,1.308072461370721,35.2,10.0,wNXM,BNT,0.03716114947075912,0.6785584030888526
11068000,1602865569,1.308072461370721,35.2,10.0,wNXM,BNT,0.03716114947075912,0.6785584030888526
11069000,1602878937,1.308072461370721,35.2,10.0,wNXM,BNT,0.03716114947075912,0.6785584030888526
11070000,1602892022,1.308072461370721,35.2,10.0,wNXM,BNT,0.03716114947075912,0.6785584030888526
11071000,1602905004,1.308072461370721,35.2,10.0,wNXM,BNT,0.03716114947075912,0.6785584030888526
11072000,1602918418,1.308072461370721,35.2,10.0,wNXM,BNT,0.03716114947075912,0.6785584030888526
11073000,1602931980,1.308072461370721,35.2,10.0,wNXM,BNT,0.03716114947075912,0.6785584030888526
11074000,1602944959,1.308072461370721,35.2,10.0,wNXM,BNT,0.03716114947075912,0.6785584030888526
11075000,1602958258,1.308072461370721,35.2,10.0,wNXM,BNT,0.03716114947075912,0.6785584030888526
11076000,1602972005,1.308072461370721,35.2,10.0,wNXM,BNT,0.03716114947075912,0.6785584030888526
11077000,1602984934,1.308072461370721,35.2,10.0,wNXM,BNT,0.03716114947075912,0.6785584030888526
11078000,1602998570,1.308072461370721,35.2,10.0,wNXM,BNT,0.03716114947075912,0.6785584030888526
11079000,1603012020,1.308072461370721,35.2,10.0,wNXM,BNT,0.03716114947075912,0.6785584030888526
11080000,1603025653,1.308072461370721,35.2,10.0,wNXM,BNT,0.03716114947075912,0.6785584030888526
11081000,1603038991,1.308072461370721,35.2,10.0,wNXM,BNT,0.03716114947075912,0.6785584030888526
11082000,1603051812,1.308072461370721,35.2,10.0,wNXM,BNT,0.03716114947075912,0.6785584030888526
11083000,1603065231,1.308072461370721,35.2,10.0,wNXM,BNT,0.03716114947075912,0.6785584030888526
11084000,1603078333,1.308072461370721,35.2,10.0,wNXM,BNT,0.03716114947075912,0.6785584030888526
11085000,1603091367,1.308072461370721,35.2,10.0,wNXM,BNT,0.03716114947075912,0.6785584030888526
11086000,1603104567,1.308072461370721,35.2,10.0,wNXM,BNT,0.03716114947075912,0.6785584030888526
11087000,1603117975,1.308072461370721,35.2,10.0,wNXM,BNT,0.03716114947075912,0.6785584030888526
11088000,1603130753,1.308072461370721,35.2,10.0,wNXM,BNT,0.03716114947075912,0.6785584030888526
11089000,1603144027,1.308072461370721,35.2,10.0,wNXM,BNT,0.03716114947075912,0.6785584030888526
11090000,1603157253,1.308072461370721,35.2,10.0,wNXM,BNT,0.03716114947075912,0.6785584030888526
11091000,1603169972,1.308072461370721,35.2,10.0,wNXM,BNT,0.03716114947075912,0.6785584030888526
11092000,1603183777,1.308072461370721,35.2,10.0,wNXM,BNT,0.03716114947075912,0.6785584030888526
11093000,1603196826,1.308072461370721,35.2,10.0,wNXM,BNT,0.03716114947075912,0.6785584030888526
11094000,1603210011,1.308072461370721,35.2,10.0,wNXM,BNT,0.03716114947075912,0.6785584030888526
11095000,1603223269,1.308072461370721,35.2,10.0,wNXM,BNT,0.03716114947075912,0.6785584030888526
11096000,1603236508,1.308072461370721,35.2,10.0,wNXM,BNT,0.03716114947075912,0.6785584030888526
11097000,1603250137,1.308072461370721,35.2,10.0,wNXM,BNT,0.03716114947075912,0.6785584030888526
11098000,1603263141,1.308072461370721,35.2,10.0,wNXM,BNT,0.03716114947075912,0.6785584030888526
11099000,1603276625,1.308072461370721,35.2,10.0,wNXM,BNT,0.03716114947075912,0.6785584030888526
11100000,1603289620,1.308072461370721,35.2,10.0,wNXM,BNT,0.03716114947075912,0.6785584030888526
11101000,1603302988,1.308072461370721,35.2,10.0,wNXM,BNT,0.03716114947075912,0.6785584030888526
11102000,1603316667,1.308072461370721,35.2,10.0,wNXM,BNT,0.03716114947075912,0.6785584030888526
11103000,1603329593,1.308072461370721,35.2,10.0,wNXM,BNT,0.03716114947075912,0.6785584030888526
11104000,1603342763,1.308072461370721,35.2,10.0,wNXM,BNT,0.03716114947075912,0.6785584030888526
11105000,1603356256,1.308072461370721,35.2,10.0,wNXM,BNT,0.03716114947075912,0.6785584030888526
11106000,1603370022,1.308072461370721,35.2,10.0,wNXM,BNT,0.03716114947075912,0.6785584030888526
11107000,1603383163,1.308072461370721,35.2,10.0,wNXM,BNT,0.03716114947075912,0.6785584030888526
11108000,1603395740,1.308072461370721,35.2,10.0,wNXM,BNT,0.03716114947075912,0.6785584030888526
11109000,1603408801,1.308072461370721,35.2,10.0,wNXM,BNT,0.03716114947075912,0.6785584030888526
11110000,1603422122,1.308072461370721,35.2,10.0,wNXM,BNT,0.03716114947075912,0.6785584030888526
11111000,1603435276,1.308072461370721,35.2,10.0,wNXM,BNT,0.03716114947075912,0.6785584030888526
11112000,1603449486,1.308072461370721,35.2,10.0,wNXM,BNT,0.03716114947075912,0.6785584030888526
11113000,1603462512,1.308072461370721,35.2,10.0,wNXM,BNT,0.03716114947075912,0.6785584030888526
11114000,1603475052,1.308072461370721,35.2,10.0,wNXM,BNT,0.03716114947075912,0.6785584030888526
11115000,1603488794,1.308072461370721,35.2,10.0,wNXM,BNT,0.03716114947075912,0.6785584030888526
11116000,1603502193,1.308072461370721,35.2,10.0,wNXM,BNT,0.03716114947075912,0.6785584030888526
11117000,1603515116,1.308072461370721,35.2,10.0,wNXM,BNT,0.03716114947075912,0.6785584030888526
11118000,1603528247,1.308072461370721,35.2,10.0,wNXM,BNT,0.03716114947075912,0.6785584030888526
11119000,1603542019,1.308072461370721,35.2,10.0,wNXM,BNT,0.03716114947075912,0.6785584030888526
11120000,1603554785,1.308072461370721,35.2,10.0,wNXM,BNT,0.03716114947075912,0.6785584030888526
11121000,1603567944,1.308072461370721,35.2,10.0,wNXM,BNT,0.03716114947075912,0.6785584030888526
11122000,1603580566,1.308072461370721,35.2,10.0,wNXM,BNT,0.03716114947075912,0.6785584030888526
11123000,1603594450,1.308072461370721,35.2,10.0,wNXM,BNT,0.03716114947075912,0.6785584030888526
11124000,1603607773,1.308072461370721,35.2,10.0,wNXM,BNT,0.03716114947075912,0.6785584030888526
11125000,1603621272,1.308072461370721,35.2,10.0,wNXM,BNT,0.03716114947075912,0.6785584030888526
11126000,1603634251,1.308072461370721,35.2,10.0,wNXM,BNT,0.03716114947075912,0.6785584030888526
11127000,1603647849,1.308072461370721,35.2,10.0,wNXM,BNT,0.03716114947075912,0.6785584030888526
11128000,1603661160,1.308072461370721,35.2,10.0,wNXM,BNT,0.03716114947075912,0.6785584030888526
11129000,1603674208,1.308072461370721,35.2,10.0,wNXM,BNT,0.03716114947075912,0.6785584030888526
11130000,1603687807,1.308072461370721,35.2,10.0,wNXM,BNT,0.03716114947075912,0.6785584030888526
11131000,1603701324,1.308072461370721,35.2,10.0,wNXM,BNT,0.03716114947075912,0.6785584030888526
11132000,1603714468,1.308072461370721,35.2,10.0,wNXM,BNT,0.03716114947075912,0.6785584030888526
11133000,1603728251,1.308072461370721,35.2,10.0,wNXM,BNT,0.03716114947075912,0.6785584030888526
11134000,1603741273,1.308072461370721,35.2,10.0,wNXM,BNT,0.03716114947075912,0.6785584030888526
11135000,1603754471,1.308072461370721,35.2,10.0,wNXM,BNT,0.03716114947075912,0.6785584030888526
11136000,1603767652,1.308072461370721,35.2,10.0,wNXM,BNT,0.03716114947075912,0.6785584030888526
11137000,1603780552,1.308072461370721,35.2,10.0,wNXM,BNT,0.03716114947075912,0.6785584030888526
11138000,1603793902,1.308072461370721,35.2,10.0,wNXM,BNT,0.03716114947075912,0.6785584030888526
11139000,1603806410,1.308072461370721,35.2,10.0,wNXM,BNT,0.03716114947075912,0.6785584030888526
11140000,1603820015,1.308072461370721,35.2,10.0,wNXM,BNT,0.03716114947075912,0.6785584030888526
11141000,1603833207,1.308072461370721,35.2,10.0,wNXM,BNT,0.03716114947075912,0.6785584030888526
11142000,1603846872,1.308072461370721,35.2,10.0,wNXM,BNT,0.03716114947075912,0.6785584030888526
11143000,1603860005,1.308072461370721,35.2,10.0,wNXM,BNT,0.03716114947075912,0.6785584030888526
11144000,1603872942,1.308072461370721,35.2,10.0,wNXM,BNT,0.03716114947075912,0.6785584030888526
11145000,1603886641,1.308072461370721,35.2,10.0,wNXM,BNT,0.03716114947075912,0.6785584030888526
11146000,1603899413,1.308072461370721,35.2,10.0,wNXM,BNT,0.03716114947075912,0.6785584030888526
11147000,1603912403,1.308072461370721,35.2,10.0,wNXM,BNT,0.03716114947075912,0.6785584030888526
11148000,1603925650,1.308072461370721,35.2,10.0,wNXM,BNT,0.03716114947075912,0.6785584030888526
11149000,1603939411,1.308072461370721,35.2,10.0,wNXM,BNT,0.03716114947075912,0.6785584030888526
11150000,1603952469,1.308072461370721,35.2,10.0,wNXM,BNT,0.03716114947075912,0.6785584030888526
11151000,1603966058,1.308072461370721,35.2,10.0,wNXM,BNT,0.03716114947075912,0.6785584030888526
11152000,1603978759,1.308072461370721,35.2,10.0,wNXM,BNT,0.03716114947075912,0.6785584030888526
11153000,1603992067,1.308072461370721,35.2,10.0,wNXM,BNT,0.03716114947075912,0.6785584030888526
11154000,1604005357,1.308072461370721,35.2,10.0,wNXM,BNT,0.03716114947075912,0.6785584030888526
11155000,1604018693,1.308072461370721,35.2,10.0,wNXM,BNT,0.03716114947075912,0.6785584030888526
11156000,1604032125,1.308072461370721,35.2,10.0,wNXM,BNT,0.03716114947075912,0.6785584030888526
11157000,1604045287,1.308072461370721,35.2,10.0,wNXM,BNT,0.03716114947075912,0.6785584030888526
11158000,1604059142,1.308072461370721,35.2,10.0,wNXM,BNT,0.03716114947075912,0.6785584030888526
11159000,1604072272,1.308072461370721,35.2,10.0,wNXM,BNT,0.03716114947075912,0.6785584030888526
11160000,1604085381,1.308072461370721,35.2,10.0,wNXM,BNT,0.03716114947075912,0.6785584030888526
11161000,1604099134,1.308072461370721,35.2,10.0,wNXM,BNT,0.03716114947075912,0.6785584030888526
11162000,1604112106,1.308072461370721,35.2,10.0,wNXM,BNT,0.03716114947075912,0.6785584030888526
11163000,1604125251,1.308072461370721,35.2,10.0,wNXM,BNT,0.03716114947075912,0.6785584030888526
11164000,1604139085,1.308072461370721,35.2,10.0,wNXM,BNT,0.03716114947075912,0.6785584030888526
11165000,1604151986,1.308072461370721,35.2,10.0,wNXM,BNT,0.03716114947075912,0.6785584030888526
11166000,1604164476,1.308072461370721,35.2,10.0,wNXM,BNT,0.03716114947075912,0.6785584030888526
11167000,1604178404,1.308072461370721,35.2,10.0,wNXM,BNT,0.03716114947075912,0.6785584030888526
11168000,1604191395,1.308072461370721,35.2,10.0,wNXM,BNT,0.03716114947075912,0.6785584030888526
11169000,1604204494,1.308072461370721,35.2,10.0,wNXM,BNT,0.03716114947075912,0.6785584030888526
11170000,1604218490,1.308072461370721,35.2,10.0,wNXM,BNT,0.03716114947075912,0.6785584030888526
11171000,1604231335,1.308072461370721,35.2,10.0,wNXM,BNT,0.03716114947075912,0.6785584030888526
11172000,1604244339,1.308072461370721,35.2,10.0,wNXM,BNT,0.03716114947075912,0.6785584030888526
11173000,1604257692,1.308072461370721,35.2,10.0,wNXM,BNT,0.03716114947075912,0.6785584030888526
11174000,1604270962,1.308072461370721,35.2,10.0,wNXM,BNT,0.03716114947075912,0.6785584030888526
11175000,1604284735,1.308072461370721,35.2,10.0,wNXM,BNT,0.03716114947075912,0.6785584030888526
11176000,1604298361,1.308072461370721,35.2,10.0,wNXM,BNT,0.03716114947075912,0.6785584030888526
11177000,1604311625,1.308072461370721,35.2,10.0,wNXM,BNT,0.03716114947075912,0.6785584030888526
11178000,1604324653,1.308072461370721,35.2,10.0,wNXM,BNT,0.03716114947075912,0.6785584030888526
11179000,1604337607,1.308072461370721,35.2,10.0,wNXM,BNT,0.03716114947075912,0.6785584030888526
11180000,1604351268,1.308072461370721,35.2,10.0,wNXM,BNT,0.03716114947075912,0.6785584030888526
11181000,1604364181,1.308072461370721,35.2,10.0,wNXM,BNT,0.03716114947075912,0.6785584030888526
11182000,1604377174,1.308072461370721,35.2,10.0,wNXM,BNT,0.03716114947075912,0.6785584030888526
11183000,1604390633,1.308072461370721,35.2,10.0,wNXM,BNT,0.03716114947075912,0.6785584030888526
11184000,1604403669,1.308072461370721,35.2,10.0,wNXM,BNT,0.03716114947075912,0.6785584030888526
11185000,1604417434,1.308072461370721,35.2,10.0,wNXM,BNT,0.03716114947075912,0.6785584030888526
11186000,1604431058,1.308072461370721,35.2,10.0,wNXM,BNT,0.03716114947075912,0.6785584030888526
11187000,1604443903,1.308072461370721,35.2,10.0,wNXM,BNT,0.03716114947075912,0.6785584030888526
11188000,1604457123,1.308072461370721,35.2,10.0,wNXM,BNT,0.03716114947075912,0.6785584030888526
11189000,1604470328,1.308072461370721,35.2,10.0,wNXM,BNT,0.03716114947075912,0.6785584030888526
11190000,1604483789,1.308072461370721,35.2,10.0,wNXM,BNT,0.03716114947075912,0.6785584030888526
11191000,1604497549,1.308072461370721,35.2,10.0,wNXM,BNT,0.03716114947075912,0.6785584030888526
11192000,1604510176,1.308072461370721,35.2,10.0,wNXM,BNT,0.03716114947075912,0.6785584030888526
11193000,1604523521,1.308072461370721,35.2,10.0,wNXM,BNT,0.03716114947075912,0.6785584030888526
11194000,1604536584,1.308072461370721,35.2,10.0,wNXM,BNT,0.03716114947075912,0.6785584030888526
11195000,1604549893,1.308072461370721,35.2,10.0,wNXM,BNT,0.03716114947075912,0.6785584030888526
11196000,1604563850,1.308072461370721,35.2,10.0,wNXM,BNT,0.03716114947075912,0.6785584030888526
11197000,1604576506,1.308072461370721,35.2,10.0,wNXM,BNT,0.03716114947075912,0.6785584030888526
11198000,1604589935,1.308072461370721,35.2,10.0,wNXM,BNT,0.03716114947075912,0.6785584030888526
11199000,1604603053,1.308072461370721,35.2,10.0,wNXM,BNT,0.03716114947075912,0.6785584030888526
11200000,1604616056,1.308072461370721,35.2,10.0,wNXM,BNT,0.03716114947075912,0.6785584030888526
11201000,1604629309,1.308072461370721,35.2,10.0,wNXM,BNT,0.03716114947075912,0.6785584030888526
11202000,1604642088,1.308072461370721,35.2,10.0,wNXM,BNT,0.03716114947075912,0.6785584030888526
11203000,1604655075,1.308072461370721,35.2,10.0,wNXM,BNT,0.03716114947075912,0.6785584030888526
11204000,1604668509,1.308072461370721,35.2,10.0,wNXM,BNT,0.03716114947075912,0.6785584030888526
11205000,1604681732,1.308072461370721,35.2,10.0,wNXM,BNT,0.03716114947075912,0.6785584030888526
11206000,1604695315,1.308072461370721,35.2,10.0,wNXM,BNT,0.03716114947075912,0.6785584030888526
11207000,1604708682,1.308072461370721,35.2,10.0,wNXM,BNT,0.03716114947075912,0.6785584030888526
11208000,1604721624,1.308072461370721,35.2,10.0,wNXM,BNT,0.03716114947075912,0.6785584030888526
11209000,1604734715,1.308072461370721,35.2,10.0,wNXM,BNT,0.03716114947075912,0.6785584030888526
11210000,1604747690,1.308072461370721,35.2,10.0,wNXM,BNT,0.03716114947075912,0.6785584030888526
11211000,1604761479,1.308072461370721,35.2,10.0,wNXM,BNT,0.03716114947075912,0.6785584030888526
11212000,1604774596,1.308072461370721,35.2,10.0,wNXM,BNT,0.03716114947075912,0.6785584030888526
11213000,1604788406,1.308072461370721,35.2,10.0,wNXM,BNT,0.03716114947075912,0.6785584030888526
11214000,1604801650,1.308072461370721,35.2,10.0,wNXM,BNT,0.03716114947075912,0.6785584030888526
11215000,1604814913,1.308072461370721,35.2,10.0,wNXM,BNT,0.03716114947075912,0.6785584030888526
11216000,1604828529,1.308072461370721,35.2,10.0,wNXM,BNT,0.03716114947075912,0.6785584030888526
11217000,1604842100,1.308072461370721,35.2,10.0,wNXM,BNT,0.03716114947075912,0.6785584030888526
11218000,1604855096,1.308072461370721,35.2,10.0,wNXM,BNT,0.03716114947075912,0.6785584030888526
11219000,1604867960,1.308072461370721,35.2,10.0,wNXM,BNT,0.03716114947075912,0.6785584030888526
11220000,1604880900,1.308072461370721,35.2,10.0,wNXM,BNT,0.03716114947075912,0.6785584030888526
11221000,1604894617,1.308072461370721,35.2,10.0,wNXM,BNT,0.03716114947075912,0.6785584030888526
11222000,1604907909,1.308072461370721,35.2,10.0,wNXM,BNT,0.03716114947075912,0.6785584030888526
11223000,1604921012,1.308072461370721,35.2,10.0,wNXM,BNT,0.03716114947075912,0.6785584030888526
11224000,1604934337,1.308072461370721,35.2,10.0,wNXM,BNT,0.03716114947075912,0.6785584030888526
11225000,1604947268,1.308072461370721,35.2,10.0,wNXM,BNT,0.03716114947075912,0.6785584030888526
11226000,1604960748,1.308072461370721,35.2,10.0,wNXM,BNT,0.03716114947075912,0.6785584030888526
11227000,1604973800,1.308072461370721,35.2,10.0,wNXM,BNT,0.03716114947075912,0.6785584030888526
11228000,1604986692,1.308072461370721,35.2,10.0,wNXM,BNT,0.03716114947075912,0.6785584030888526
11229000,1605000443,1.308072461370721,35.2,10.0,wNXM,BNT,0.03716114947075912,0.6785584030888526
11230000,1605013747,1.308072461370721,35.2,10.0,wNXM,BNT,0.03716114947075912,0.6785584030888526
11231000,1605027749,1.308072461370721,35.2,10.0,wNXM,BNT,0.03716114947075912,0.6785584030888526
11232000,1605041003,1.308072461370721,35.2,10.0,wNXM,BNT,0.03716114947075912,0.6785584030888526
11233000,1605054181,1.308072461370721,35.2,10.0,wNXM,BNT,0.03716114947075912,0.6785584030888526
11234000,1605067243,1.308072461370721,35.2,10.0,wNXM,BNT,0.03716114947075912,0.6785584030888526
11235000,1605080341,1.308072461370721,35.2,10.0,wNXM,BNT,0.03716114947075912,0.6785584030888526
11236000,1605093324,1.308072461370721,35.2,10.0,wNXM,BNT,0.03716114947075912,0.6785584030888526
11237000,1605106842,1.308072461370721,35.2,10.0,wNXM,BNT,0.03716114947075912,0.6785584030888526
11238000,1605120052,1.308072461370721,35.2,10.0,wNXM,BNT,0.03716114947075912,0.6785584030888526
11239000,1605133777,1.308072461370721,35.2,10.0,wNXM,BNT,0.03716114947075912,0.6785584030888526
11240000,1605146710,1.308072461370721,35.2,10.0,wNXM,BNT,0.03716114947075912,0.6785584030888526
11241000,1605159942,1.308072461370721,35.2,10.0,wNXM,BNT,0.03716114947075912,0.6785584030888526
11242000,1605173267,1.308072461370721,35.2,10.0,wNXM,BNT,0.03716114947075912,0.6785584030888526
11243000,1605187095,1.308072461370721,35.2,10.0,wNXM,BNT,0.03716114947075912,0.6785584030888526
11244000,1605200201,1.308072461370721,35.2,10.0,wNXM,BNT,0.03716114947075912,0.6785584030888526
11245000,1605213135,1.308072461370721,35.2,10.0,wNXM,BNT,0.03716114947075912,0.6785584030888526
11246000,1605226466,1.308072461370721,35.2,10.0,wNXM,BNT,0.03716114947075912,0.6785584030888526
11247000,1605239782,1.308072461370721,35.2,10.0,wNXM,BNT,0.03716114947075912,0.6785584030888526
11248000,1605252569,1.308072461370721,35.2,10.0,wNXM,BNT,0.03716114947075912,0.6785584030888526
11249000,1605265650,1.308072461370721,35.2,10.0,wNXM,BNT,0.03716114947075912,0.6785584030888526
11250000,1605279277,1.308072461370721,35.2,10.0,wNXM,BNT,0.03716114947075912,0.6785584030888526
11251000,1605292512,1.308072461370721,35.2,10.0,wNXM,BNT,0.03716114947075912,0.6785584030888526
11252000,1605305865,1.308072461370721,35.2,10.0,wNXM,BNT,0.03716114947075912,0.6785584030888526
11253000,1605319158,1.308072461370721,35.2,10.0,wNXM,BNT,0.03716114947075912,0.6785584030888526
11254000,1605332345,1.308072461370721,35.2,10.0,wNXM,BNT,0.03716114947075912,0.6785584030888526
11255000,1605345655,1.308072461370721,35.2,10.0,wNXM,BNT,0.03716114947075912,0.6785584030888526
11256000,1605358946,1.308072461370721,35.2,10.0,wNXM,BNT,0.03716114947075912,0.6785584030888526
11257000,1605372661,1.308072461370721,35.2,10.0,wNXM,BNT,0.03716114947075912,0.6785584030888526
11258000,1605385703,1.308072461370721,35.2,10.0,wNXM,BNT,0.03716114947075912,0.6785584030888526
11259000,1605398231,1.308072461370721,35.2,10.0,wNXM,BNT,0.03716114947075912,0.6785584030888526
11260000,1605411298,1.308072461370721,35.2,10.0,wNXM,BNT,0.03716114947075912,0.6785584030888526
11261000,1605424815,1.308072461370721,35.2,10.0,wNXM,BNT,0.03716114947075912,0.6785584030888526
11262000,1605437666,1.308072461370721,35.2,10.0,wNXM,BNT,0.03716114947075912,0.6785584030888526
11263000,1605451285,1.308072461370721,35.2,10.0,wNXM,BNT,0.03716114947075912,0.6785584030888526
11264000,1605464068,1.308072461370721,35.2,10.0,wNXM,BNT,0.03716114947075912,0.6785584030888526
11265000,1605476908,1.308072461370721,35.2,10.0,wNXM,BNT,0.03716114947075912,0.6785584030888526
11266000,1605490555,1.308072461370721,35.2,10.0,wNXM,BNT,0.03716114947075912,0.6785584030888526
11267000,1605504032,1.308072461370721,35.2,10.0,wNXM,BNT,0.03716114947075912,0.6785584030888526
11268000,1605517681,1.308072461370721,35.2,10.0,wNXM,BNT,0.03716114947075912,0.6785584030888526
11269000,1605531251,1.308072461370721,35.2,10.0,wNXM,BNT,0.03716114947075912,0.6785584030888526
11270000,1605544694,1.308072461370721,35.2,10.0,wNXM,BNT,0.03716114947075912,0.6785584030888526
11271000,1605557467,1.308072461370721,35.2,10.0,wNXM,BNT,0.03716114947075912,0.6785584030888526
11272000,1605570620,1.308072461370721,35.2,10.0,wNXM,BNT,0.03716114947075912,0.6785584030888526
11273000,1605583771,1.308072461370721,35.2,10.0,wNXM,BNT,0.03716114947075912,0.6785584030888526
11274000,1605597111,1.308072461370721,35.2,10.0,wNXM,BNT,0.03716114947075912,0.6785584030888526
11275000,1605610382,1.308072461370721,35.2,10.0,wNXM,BNT,0.03716114947075912,0.6785584030888526
11276000,1605623470,1.308072461370721,35.2,10.0,wNXM,BNT,0.03716114947075912,0.6785584030888526
11277000,1605636636,1.308072461370721,35.2,10.0,wNXM,BNT,0.03716114947075912,0.6785584030888526
11278000,1605650122,1.308072461370721,35.2,10.0,wNXM,BNT,0.03716114947075912,0.6785584030888526
11279000,1605663367,1.308072461370721,35.2,10.0,wNXM,BNT,0.03716114947075912,0.6785584030888526
11280000,1605676699,1.308072461370721,35.2,10.0,wNXM,BNT,0.03716114947075912,0.6785584030888526
11281000,1605690074,1.308072461370721,35.2,10.0,wNXM,BNT,0.03716114947075912,0.6785584030888526
11282000,1605703458,1.308072461370721,35.2,10.0,wNXM,BNT,0.03716114947075912,0.6785584030888526
11283000,1605717149,1.308072461370721,35.2,10.0,wNXM,BNT,0.03716114947075912,0.6785584030888526
11284000,1605730076,1.308072461370721,35.2,10.0,wNXM,BNT,0.03716114947075912,0.6785584030888526
11285000,1605743864,1.308072461370721,35.2,10.0,wNXM,BNT,0.03716114947075912,0.6785584030888526
11286000,1605756747,1.308072461370721,35.2,10.0,wNXM,BNT,0.03716114947075912,0.6785584030888526
11287000,1605770080,1.308072461370721,35.2,10.0,wNXM,BNT,0.03716114947075912,0.6785584030888526
11288000,1605783309,1.308072461370721,35.2,10.0,wNXM,BNT,0.03716114947075912,0.6785584030888526
11289000,1605796257,1.308072461370721,35.2,10.0,wNXM,BNT,0.03716114947075912,0.6785584030888526
11290000,1605809099,1.308072461370721,35.2,10.0,wNXM,BNT,0.03716114947075912,0.6785584030888526
11291000,1605822429,1.308072461370721,35.2,10.0,wNXM,BNT,0.03716114947075912,0.6785584030888526
11292000,1605835414,1.308072461370721,35.2,10.0,wNXM,BNT,0.03716114947075912,0.6785584030888526
11293000,1605849265,1.308072461370721,35.2,10.0,wNXM,BNT,0.03716114947075912,0.6785584030888526
11294000,1605862428,1.308072461370721,35.2,10.0,wNXM,BNT,0.03716114947075912,0.6785584030888526
11295000,1605875487,1.308072461370721,35.2,10.0,wNXM,BNT,0.03716114947075912,0.6785584030888526
11296000,1605888816,1.308072461370721,35.2,10.0,wNXM,BNT,0.03716114947075912,0.6785584030888526
11297000,1605902564,1.308072461370721,35.2,10.0,wNXM,BNT,0.03716114947075912,0.6785584030888526
11298000,1605915938,1.308072461370721,35.2,10.0,wNXM,BNT,0.03716114947075912,0.6785584030888526
11299000,1605929162,1.308072461370721,35.2,10.0,wNXM,BNT,0.03716114947075912,0.6785584030888526
11300000,1605942238,1.308072461370721,35.2,10.0,wNXM,BNT,0.03716114947075912,0.6785584030888526
11301000,1605955061,1.308072461370721,35.2,10.0,wNXM,BNT,0.03716114947075912,0.6785584030888526
11302000,1605968956,1.308072461370721,35.2,10.0,wNXM,BNT,0.03716114947075912,0.6785584030888526
11303000,1605982271,1.308072461370721,35.2,10.0,wNXM,BNT,0.03716114947075912,0.6785584030888526
11304000,1605994677,1.308072461370721,35.2,10.0,wNXM,BNT,0.03716114947075912,0.6785584030888526
11305000,1606007787,1.308072461370721,35.2,10.0,wNXM,BNT,0.03716114947075912,0.6785584030888526
11306000,1606021088,1.308072461370721,35.2,10.0,wNXM,BNT,0.03716114947075912,0.6785584030888526
11307000,1606034970,1.308072461370721,35.2,10.0,wNXM,BNT,0.03716114947075912,0.6785584030888526
11308000,1606048118,1.308072461370721,35.2,10.0,wNXM,BNT,0.03716114947075912,0.6785584030888526
11309000,1606061072,1.308072461370721,35.2,10.0,wNXM,BNT,0.03716114947075912,0.6785584030888526
11310000,1606074120,1.308072461370721,35.2,10.0,wNXM,BNT,0.03716114947075912,0.6785584030888526
11311000,1606087595,1.308072461370721,35.2,10.0,wNXM,BNT,0.03716114947075912,0.6785584030888526
11312000,1606101527,1.308072461370721,35.2,10.0,wNXM,BNT,0.03716114947075912,0.6785584030888526
11313000,1606114478,1.308072461370721,35.2,10.0,wNXM,BNT,0.03716114947075912,0.6785584030888526
11314000,1606127944,1.308072461370721,35.2,10.0,wNXM,BNT,0.03716114947075912,0.6785584030888526
11315000,1606141623,1.308072461370721,35.2,10.0,wNXM,BNT,0.03716114947075912,0.6785584030888526
11316000,1606154800,1.308072461370721,35.2,10.0,wNXM,BNT,0.03716114947075912,0.6785584030888526
11317000,1606168295,1.308072461370721,35.2,10.0,wNXM,BNT,0.03716114947075912,0.6785584030888526
11318000,1606181350,1.308072461370721,35.2,10.0,wNXM,BNT,0.03716114947075912,0.6785584030888526
11319000,1606194344,1.308072461370721,35.2,10.0,wNXM,BNT,0.03716114947075912,0.6785584030888526
11320000,1606207277,1.308072461370721,35.2,10.0,wNXM,BNT,0.03716114947075912,0.6785584030888526
11321000,1606220718,1.308072461370721,35.2,10.0,wNXM,BNT,0.03716114947075912,0.6785584030888526
11322000,1606234041,1.308072461370721,35.2,10.0,wNXM,BNT,0.03716114947075912,0.6785584030888526
11323000,1606247275,1.308072461370721,35.2,10.0,wNXM,BNT,0.03716114947075912,0.6785584030888526
11324000,1606260336,1.308072461370721,35.2,10.0,wNXM,BNT,0.03716114947075912,0.6785584030888526
11325000,1606273189,1.308072461370721,35.2,10.0,wNXM,BNT,0.03716114947075912,0.6785584030888526
11326000,1606286634,1.308072461370721,35.2,10.0,wNXM,BNT,0.03716114947075912,0.6785584030888526
11327000,1606300159,1.308072461370721,35.2,10.0,wNXM,BNT,0.03716114947075912,0.6785584030888526
11328000,1606314098,1.308072461370721,35.2,10.0,wNXM,BNT,0.03716114947075912,0.6785584030888526
11329000,1606327011,1.308072461370721,35.2,10.0,wNXM,BNT,0.03716114947075912,0.6785584030888526
11330000,1606340281,1.308072461370721,35.2,10.0,wNXM,BNT,0.03716114947075912,0.6785584030888526
11331000,1606353641,1.308072461370721,35.2,10.0,wNXM,BNT,0.03716114947075912,0.6785584030888526
11332000,1606366773,1.308072461370721,35.2,10.0,wNXM,BNT,0.03716114947075912,0.6785584030888526
11333000,1606380252,1.308072461370721,35.2,10.0,wNXM,BNT,0.03716114947075912,0.6785584030888526
11334000,1606393667,1.308072461370721,35.2,10.0,wNXM,BNT,0.03716114947075912,0.6785584030888526
11335000,1606406736,1.308072461370721,35.2,10.0,wNXM,BNT,0.03716114947075912,0.6785584030888526
11336000,1606419857,1.308072461370721,35.2,10.0,wNXM,BNT,0.03716114947075912,0.6785584030888526
11337000,1606432982,1.308072461370721,35.2,10.0,wNXM,BNT,0.03716114947075912,0.6785584030888526
11338000,1606446290,1.308072461370721,35.2,10.0,wNXM,BNT,0.03716114947075912,0.6785584030888526
11339000,1606459245,1.308072461370721,35.2,10.0,wNXM,BNT,0.03716114947075912,0.6785584030888526
11340000,1606472123,1.308072461370721,35.2,10.0,wNXM,BNT,0.03716114947075912,0.6785584030888526
11341000,1606486378,1.308072461370721,35.2,10.0,wNXM,BNT,0.03716114947075912,0.6785584030888526
11342000,1606499991,1.308072461370721,35.2,10.0,wNXM,BNT,0.03716114947075912,0.6785584030888526
11343000,1606513752,1.308072461370721,35.2,10.0,wNXM,BNT,0.03716114947075912,0.6785584030888526
11344000,1606526664,1.308072461370721,35.2,10.0,wNXM,BNT,0.03716114947075912,0.6785584030888526
11345000,1606539681,1.308072461370721,35.2,10.0,wNXM,BNT,0.03716114947075912,0.6785584030888526
11346000,1606553020,1.308072461370721,35.2,10.0,wNXM,BNT,0.03716114947075912,0.6785584030888526
11347000,1606566737,1.308072461370721,35.2,10.0,wNXM,BNT,0.03716114947075912,0.6785584030888526
11348000,1606579323,1.308072461370721,35.2,10.0,wNXM,BNT,0.03716114947075912,0.6785584030888526
11349000,1606592450,1.308072461370721,35.2,10.0,wNXM,BNT,0.03716114947075912,0.6785584030888526
11350000,1606605239,1.308072461370721,35.2,10.0,wNXM,BNT,0.03716114947075912,0.6785584030888526
11351000,1606618245,1.308072461370721,35.2,10.0,wNXM,BNT,0.03716114947075912,0.6785584030888526
11352000,1606631402,1.308072461370721,35.2,10.0,wNXM,BNT,0.03716114947075912,0.6785584030888526
11353000,1606644580,1.308072461370721,35.2,10.0,wNXM,BNT,0.03716114947075912,0.6785584030888526
11354000,1606657595,1.308072461370721,35.2,10.0,wNXM,BNT,0.03716114947075912,0.6785584030888526
11355000,1606671255,1.308072461370721,35.2,10.0,wNXM,BNT,0.03716114947075912,0.6785584030888526
11356000,1606685086,1.308072461370721,35.2,10.0,wNXM,BNT,0.03716114947075912,0.6785584030888526
11357000,1606698618,1.308072461370721,35.2,10.0,wNXM,BNT,0.03716114947075912,0.6785584030888526
11358000,1606711814,1.308072461370721,35.2,10.0,wNXM,BNT,0.03716114947075912,0.6785584030888526
11359000,1606724683,1.308072461370721,35.2,10.0,wNXM,BNT,0.03716114947075912,0.6785584030888526
11360000,1606737324,1.308072461370721,35.2,10.0,wNXM,BNT,0.03716114947075912,0.6785584030888526
11361000,1606750941,1.308072461370721,35.2,10.0,wNXM,BNT,0.03716114947075912,0.6785584030888526
11362000,1606764305,1.308072461370721,35.2,10.0,wNXM,BNT,0.03716114947075912,0.6785584030888526
11363000,1606777403,1.308072461370721,35.2,10.0,wNXM,BNT,0.03716114947075912,0.6785584030888526
11364000,1606790457,1.308072461370721,35.2,10.0,wNXM,BNT,0.03716114947075912,0.6785584030888526
11365000,1606803733,1.308072461370721,35.2,10.0,wNXM,BNT,0.03716114947075912,0.6785584030888526
11366000,1606817526,1.308072461370721,35.2,10.0,wNXM,BNT,0.03716114947075912,0.6785584030888526
11367000,1606830095,1.308072461370721,35.2,10.0,wNXM,BNT,0.03716114947075912,0.6785584030888526
11368000,1606843839,1.308072461370721,35.2,10.0,wNXM,BNT,0.03716114947075912,0.6785584030888526
11369000,1606856562,1.308072461370721,35.2,10.0,wNXM,BNT,0.03716114947075912,0.6785584030888526
11370000,1606870199,1.308072461370721,35.2,10.0,wNXM,BNT,0.03716114947075912,0.6785584030888526
11371000,1606884820,1.308072461370721,35.2,10.0,wNXM,BNT,0.03716114947075912,0.6785584030888526
11372000,1606898337,1.308072461370721,35.2,10.0,wNXM,BNT,0.03716114947075912,0.6785584030888526
11373000,1606911253,1.308072461370721,35.2,10.0,wNXM,BNT,0.03716114947075912,0.6785584030888526
11374000,1606924287,1.308072461370721,35.2,10.0,wNXM,BNT,0.03716114947075912,0.6785584030888526
11375000,1606937227,1.308072461370721,35.2,10.0,wNXM,BNT,0.03716114947075912,0.6785584030888526
11376000,1606950457,1.308072461370721,35.2,10.0,wNXM,BNT,0.03716114947075912,0.6785584030888526
11377000,1606963758,1.308072461370721,35.2,10.0,wNXM,BNT,0.03716114947075912,0.6785584030888526
11378000,1606976748,1.308072461370721,35.2,10.0,wNXM,BNT,0.03716114947075912,0.6785584030888526
11379000,1606989763,1.308072461370721,35.2,10.0,wNXM,BNT,0.03716114947075912,0.6785584030888526
11380000,1607003331,1.308072461370721,35.2,10.0,wNXM,BNT,0.03716114947075912,0.6785584030888526
11381000,1607016492,1.308072461370721,35.2,10.0,wNXM,BNT,0.03716114947075912,0.6785584030888526
11382000,1607029590,1.308072461370721,35.2,10.0,wNXM,BNT,0.03716114947075912,0.6785584030888526
11383000,1607043153,1.308072461370721,35.2,10.0,wNXM,BNT,0.03716114947075912,0.6785584030888526
11384000,1607056389,1.308072461370721,35.2,10.0,wNXM,BNT,0.03716114947075912,0.6785584030888526
11385000,1607069818,1.308072461370721,35.2,10.0,wNXM,BNT,0.03716114947075912,0.6785584030888526
11386000,1607083106,1.308072461370721,35.2,10.0,wNXM,BNT,0.03716114947075912,0.6785584030888526
11387000,1607096195,1.308072461370721,35.2,10.0,wNXM,BNT,0.03716114947075912,0.6785584030888526
11388000,1607109266,1.308072461370721,35.2,10.0,wNXM,BNT,0.03716114947075912,0.6785584030888526
11389000,1607123047,1.308072461370721,35.2,10.0,wNXM,BNT,0.03716114947075912,0.6785584030888526
11390000,1607136369,1.308072461370721,35.2,10.0,wNXM,BNT,0.03716114947075912,0.6785584030888526
11391000,1607149486,1.308072461370721,35.2,10.0,wNXM,BNT,0.03716114947075912,0.6785584030888526
11392000,1607162844,1.308072461370721,35.2,10.0,wNXM,BNT,0.03716114947075912,0.6785584030888526
11393000,1607176193,1.308072461370721,35.2,10.0,wNXM,BNT,0.03716114947075912,0.6785584030888526
11394000,1607189565,1.308072461370721,35.2,10.0,wNXM,BNT,0.03716114947075912,0.6785584030888526
11395000,1607202512,1.308072461370721,35.2,10.0,wNXM,BNT,0.03716114947075912,0.6785584030888526
11396000,1607216142,1.308072461370721,35.2,10.0,wNXM,BNT,0.03716114947075912,0.6785584030888526
11397000,1607229117,1.308072461370721,35.2,10.0,wNXM,BNT,0.03716114947075912,0.6785584030888526
11398000,1607242529,1.308072461370721,35.2,10.0,wNXM,BNT,0.03716114947075912,0.6785584030888526
11399000,1607255502,1.308072461370721,35.2,10.0,wNXM,BNT,0.03716114947075912,0.6785584030888526
11400000,1607268400,1.308072461370721,35.2,10.0,wNXM,BNT,0.03716114947075912,0.6785584030888526
11401000,1607282445,1.308072461370721,35.2,10.0,wNXM,BNT,0.03716114947075912,0.6785584030888526
11402000,1607295461,1.308072461370721,35.2,10.0,wNXM,BNT,0.03716114947075912,0.6785584030888526
11403000,1607309267,1.308072461370721,35.2,10.0,wNXM,BNT,0.03716114947075912,0.6785584030888526
11404000,1607321690,1.308072461370721,35.2,10.0,wNXM,BNT,0.03716114947075912,0.6785584030888526
11405000,1607335232,1.308072461370721,35.2,10.0,wNXM,BNT,0.03716114947075912,0.6785584030888526
11406000,1607348417,1.308072461370721,35.2,10.0,wNXM,BNT,0.03716114947075912,0.6785584030888526
11407000,1607361831,1.308072461370721,35.2,10.0,wNXM,BNT,0.03716114947075912,0.6785584030888526
11408000,1607375492,1.308072461370721,35.2,10.0,wNXM,BNT,0.03716114947075912,0.6785584030888526
11409000,1607388832,1.308072461370721,35.2,10.0,wNXM,BNT,0.03716114947075912,0.6785584030888526
11410000,1607401916,1.308072461370721,35.2,10.0,wNXM,BNT,0.03716114947075912,0.6785584030888526
11411000,1607415005,1.308072461370721,35.2,10.0,wNXM,BNT,0.03716114947075912,0.6785584030888526
11412000,1607428450,1.308072461370721,35.2,10.0,wNXM,BNT,0.03716114947075912,0.6785584030888526
11413000,1607441996,51.104818562562244,1021.850025077316,336.71904052171124,wNXM,BNT,0.050012053930023156,0.6786671529295879
11414000,1607455821,51.104818562562244,1021.850025077316,336.71904052171124,wNXM,BNT,0.050012053930023156,0.6786671529295879
11415000,1607468345,51.104818562562244,1021.850025077316,336.71904052171124,wNXM,BNT,0.050012053930023156,0.6786671529295879
11416000,1607481326,51.104818562562244,1021.850025077316,336.71904052171124,wNXM,BNT,0.050012053930023156,0.6786671529295879
11417000,1607494512,51.104818562562244,1021.850025077316,336.71904052171124,wNXM,BNT,0.050012053930023156,0.6786671529295879
11418000,1607508150,51.104818562562244,1021.850025077316,336.71904052171124,wNXM,BNT,0.050012053930023156,0.6786671529295879
11419000,1607521281,51.104818562562244,1021.850025077316,336.71904052171124,wNXM,BNT,0.050012053930023156,0.6786671529295879
11420000,1607534444,51.104818562562244,1021.850025077316,336.71904052171124,wNXM,BNT,0.050012053930023156,0.6786671529295879
11421000,1607547670,51.104818562562244,1021.850025077316,336.71904052171124,wNXM,BNT,0.050012053930023156,0.6786671529295879
11422000,1607560645,51.104818562562244,1021.850025077316,336.71904052171124,wNXM,BNT,0.050012053930023156,0.6786671529295879
11423000,1607573702,51.104818562562244,1021.850025077316,336.71904052171124,wNXM,BNT,0.050012053930023156,0.6786671529295879
11424000,1607587240,51.104818562562244,1021.850025077316,336.71904052171124,wNXM,BNT,0.050012053930023156,0.6786671529295879
11425000,1607600832,51.104818562562244,1021.850025077316,336.71904052171124,wNXM,BNT,0.050012053930023156,0.6786671529295879
11426000,1607614439,51.104818562562244,1021.850025077316,336.71904052171124,wNXM,BNT,0.050012053930023156,0.6786671529295879
11427000,1607627391,51.104818562562244,1021.850025077316,336.71904052171124,wNXM,BNT,0.050012053930023156,0.6786671529295879
11428000,1607640980,51.104818562562244,1021.850025077316,336.71904052171124,wNXM,BNT,0.050012053930023156,0.6786671529295879
11429000,1607654543,51.104818562562244,1021.850025077316,336.71904052171124,wNXM,BNT,0.050012053930023156,0.6786671529295879
11430000,1607667802,51.104818562562244,1021.850025077316,336.71904052171124,wNXM,BNT,0.050012053930023156,0.6786671529295879
11431000,1607681708,51.104818562562244,1021.850025077316,336.71904052171124,wNXM,BNT,0.050012053930023156,0.6786671529295879
11432000,1607695007,51.104818562562244,1021.850025077316,336.71904052171124,wNXM,BNT,0.050012053930023156,0.6786671529295879
11433000,1607708371,51.104818562562244,1021.850025077316,336.71904052171124,wNXM,BNT,0.050012053930023156,0.6786671529295879
11434000,1607720895,51.104818562562244,1021.850025077316,336.71904052171124,wNXM,BNT,0.050012053930023156,0.6786671529295879
11435000,1607734609,51.104818562562244,1021.850025077316,336.71904052171124,wNXM,BNT,0.050012053930023156,0.6786671529295879
11436000,1607748125,51.104818562562244,1021.850025077316,336.71904052171124,wNXM,BNT,0.050012053930023156,0.6786671529295879
11437000,1607761602,51.104818562562244,1021.850025077316,336.71904052171124,wNXM,BNT,0.050012053930023156,0.6786671529295879
11438000,1607774843,51.104818562562244,1021.850025077316,336.71904052171124,wNXM,BNT,0.050012053930023156,0.6786671529295879
11439000,1607787920,51.104818562562244,1021.850025077316,336.71904052171124,wNXM,BNT,0.050012053930023156,0.6786671529295879
11440000,1607800816,51.104818562562244,1021.850025077316,336.71904052171124,wNXM,BNT,0.050012053930023156,0.6786671529295879
11441000,1607814499,51.104818562562244,1021.850025077316,336.71904052171124,wNXM,BNT,0.050012053930023156,0.6786671529295879
11442000,1607828024,51.104818562562244,1021.850025077316,336.71904052171124,wNXM,BNT,0.050012053930023156,0.6786671529295879
11443000,1607840923,51.104818562562244,1021.850025077316,336.71904052171124,wNXM,BNT,0.050012053930023156,0.6786671529295879
11444000,1607853865,51.104818562562244,1021.850025077316,336.71904052171124,wNXM,BNT,0.050012053930023156,0.6786671529295879
11445000,1607866773,51.104818562562244,1021.850025077316,336.71904052171124,wNXM,BNT,0.050012053930023156,0.6786671529295879
11446000,1607880340,51.104818562562244,1021.850025077316,336.71904052171124,wNXM,BNT,0.050012053930023156,0.6786671529295879
11447000,1607893895,51.104818562562244,1021.850025077316,336.71904052171124,wNXM,BNT,0.050012053930023156,0.6786671529295879
11448000,1607907786,51.104818562562244,1021.850025077316,336.71904052171124,wNXM,BNT,0.050012053930023156,0.6786671529295879
11449000,1607920983,51.104818562562244,1021.850025077316,336.71904052171124,wNXM,BNT,0.050012053930023156,0.6786671529295879
11450000,1607934199,51.104818562562244,1021.850025077316,336.71904052171124,wNXM,BNT,0.050012053930023156,0.6786671529295879
11451000,1607947042,5603.537841706753,91101.8708310747,33280.681077046866,wNXM,BNT,0.061508482653414354,0.6788949793956031
11452000,1607960636,5656.661610227808,90267.58130762455,33280.681077046866,wNXM,BNT,0.06266548331399693,0.6789750210372232
11453000,1607973990,5656.661610227808,90267.58130762455,33280.681077046866,wNXM,BNT,0.06266548331399693,0.6789750210372232
11454000,1607986925,5844.721642146923,87506.98026656045,33280.681077046866,wNXM,BNT,0.06679149051130497,0.6795337938660735
11455000,1608000502,6137.171435529897,83542.01068493091,33280.681077046866,wNXM,BNT,0.0734620987119347,0.6803687909014948
11456000,1608013349,6359.49025479478,80650.50897334867,33280.681077046866,wNXM,BNT,0.07885245035336731,0.6804911852506977
11457000,1608027042,6486.659590999246,79377.9870792085,33280.681077046866,wNXM,BNT,0.08171862035914865,0.681817884954661
11458000,1608039974,6486.659590999246,79377.9870792085,33280.681077046866,wNXM,BNT,0.08171862035914865,0.681817884954661
11459000,1608053269,6486.659590999246,79377.9870792085,33280.681077046866,wNXM,BNT,0.08171862035914865,0.681817884954661
11460000,1608066249,7277.828380177817,70831.22193972916,33280.681077046866,wNXM,BNT,0.10274887515523279,0.682214689978171
11461000,1608079820,7392.161062338739,69758.31661057466,33280.681077046866,wNXM,BNT,0.10596816869313846,0.682325340995503
11462000,1608093372,7658.37333184535,67425.59716186585,33280.681077046866,wNXM,BNT,0.11358258071426804,0.6827920599798974
11463000,1608106809,7496.748899989894,68894.24692760817,33280.681077046866,wNXM,BNT,0.10881531091946231,0.682866418075422
11464000,1608120056,7347.675035973433,70306.42135256172,33280.681077046866,wNXM,BNT,0.10450930220338557,0.6829364004849203
11465000,1608133286,7296.703219800961,70802.54950250803,33280.681077046866,wNXM,BNT,0.10305706886363591,0.682960496292187
11466000,1608145755,7296.703219800961,70802.54950250803,33280.681077046866,wNXM,BNT,0.10305706886363591,0.682960496292187
11467000,1608159378,6971.16762079978,74289.24702380355,33280.681077046866,wNXM,BNT,0.09383817847239855,0.6837912443715412
11468000,1608172715,6866.456948002626,75482.71098424094,33280.681077046866,wNXM,BNT,0.09096728056622376,0.6840658185612783
11469000,1608186418,6866.456948002626,75482.71098424094,33280.681077046866,wNXM,BNT,0.09096728056622376,0.6840658185612783
11470000,1608199972,6866.456948002626,75482.71098424094,33280.681077046866,wNXM,BNT,0.09096728056622376,0.6840658185612783
11471000,1608212725,6691.576735619809,77475.85723124135,33280.681077046866,wNXM,BNT,0.08636983151599772,0.6841561275345277
11472000,1608225943,6691.576735619809,77475.85723124135,33280.681077046866,wNXM,BNT,0.08636983151599772,0.6841561275345277
11473000,1608239436,6654.242677643184,77914.95615331593,33280.681077046866,wNXM,BNT,0.08540391994252558,0.6841755147328419
11474000,1608252369,6543.864288370465,79242.68504254254,33280.681077046866,wNXM,BNT,0.08258004237056456,0.6842338065515658
11475000,1608265705,6468.871369556284,80170.69748637322,33280.681077046866,wNXM,BNT,0.08068872508756471,0.6842737553028994
11476000,1608278737,6468.871369556284,80170.69748637322,33280.681077046866,wNXM,BNT,0.08068872508756471,0.6842737553028994
11477000,1608291886,6468.871369556284,80170.69748637322,33280.681077046866,wNXM,BNT,0.08068872508756471,0.6842737553028994
11478000,1608305426,6468.871369556284,80170.69748637322,33280.681077046866,wNXM,BNT,0.08068872508756471,0.6842737553028994
11479000,1608319142,6468.871369556284,80170.69748637322,33280.681077046866,wNXM,BNT,0.08068872508756471,0.6842737553028994
11480000,1608332047,6357.015017952646,81613.70004181584,33280.681077046866,wNXM,BNT,0.07789151839330341,0.684409370614395
11481000,1608345253,6428.79179617132,80711.60382422086,33280.681077046866,wNXM,BNT,0.07965139449059114,0.6844480077049814
11482000,1608359044,6428.79179617132,80711.60382422086,33280.681077046866,wNXM,BNT,0.07965139449059114,0.6844480077049814
11483000,1608372164,6428.79179617132,80711.60382422086,33280.681077046866,wNXM,BNT,0.07965139449059114,0.6844480077049814
11484000,1608385194,6428.79179617132,80711.60382422086,33280.681077046866,wNXM,BNT,0.07965139449059114,0.6844480077049814
11485000,1608398201,6386.2304347061645,81254.98044235629,33280.681077046866,wNXM,BNT,0.07859494150314476,0.6844710469438707
11486000,1608411657,6386.2304347061645,81254.98044235629,33280.681077046866,wNXM,BNT,0.07859494150314476,0.6844710469438707
11487000,1608424700,6347.654672070064,81753.79909439286,33280.681077046866,wNXM,BNT,0.07764354369319361,0.6844920562212902
11488000,1608437899,6252.7743698418435,83007.06325909412,33280.681077046866,wNXM,BNT,0.07532822056750453,0.6845445196236395
11489000,1608451223,6252.7743698418435,83007.06325909412,33280.681077046866,wNXM,BNT,0.07532822056750453,0.6845445196236395
11490000,1608464280,6252.7743698418435,83007.06325909412,33280.681077046866,wNXM,BNT,0.07532822056750453,0.6845445196236395
11491000,1608477925,6252.7743698418435,83007.06325909412,33280.681077046866,wNXM,BNT,0.07532822056750453,0.6845445196236395
11492000,1608491288,6252.7743698418435,83007.06325909412,33280.681077046866,wNXM,BNT,0.07532822056750453,0.6845445196236395
11493000,1608504061,6196.002926159012,83775.37660135182,33280.681077046866,wNXM,BNT,0.07395971438771225,0.6845761996094956
11494000,1608517962,6196.002926159012,83775.37660135182,33280.681077046866,wNXM,BNT,0.07395971438771225,0.6845761996094956
11495000,1608531263,6196.002926159012,83775.37660135182,33280.681077046866,wNXM,BNT,0.07395971438771225,0.6845761996094956
11496000,1608544285,6196.002926159012,83775.37660135182,33280.681077046866,wNXM,BNT,0.07395971438771225,0.6845761996094956
11497000,1608556869,6196.002926159012,83775.37660135182,33280.681077046866,wNXM,BNT,0.07395971438771225,0.6845761996094956
11498000,1608569893,6196.002926159012,83775.37660135182,33280.681077046866,wNXM,BNT,0.07395971438771225,0.6845761996094956
11499000,1608583781,6196.002926159012,83775.37660135182,33280.681077046866,wNXM,BNT,0.07395971438771225,0.6845761996094956
11500000,1608596869,6196.002926159012,83775.37660135182,33280.681077046866,wNXM,BNT,0.07395971438771225,0.6845761996094956
11501000,1608610169,6196.002926159012,83775.37660135182,33280.681077046866,wNXM,BNT,0.07395971438771225,0.6845761996094956
11502000,1608623427,6124.902257462243,84757.81797593298,33280.681077046866,wNXM,BNT,0.07226356699273938,0.6846163388659918
11503000,1608636545,6124.902257462243,84757.81797593298,33280.681077046866,wNXM,BNT,0.07226356699273938,0.6846163388659918
11504000,1608649855,6107.7206631787885,85017.35717276795,33280.681077046866,wNXM,BNT,0.0718408671627723,0.6847013403547135
11505000,1608663126,6107.7206631787885,85017.35717276795,33280.681077046866,wNXM,BNT,0.0718408671627723,0.6847013403547135
11506000,1608676320,6229.9320321828045,83366.18470158438,33280.681077046866,wNXM,BNT,0.07472972470172794,0.6847695057197749
11507000,1608689868,6229.9320321828045,83366.18470158438,33280.681077046866,wNXM,BNT,0.07472972470172794,0.6847695057197749
11508000,1608702922,6285.27197503121,82639.5104834995,33280.681077046866,wNXM,BNT,0.07605650055594389,0.6847999187833568
11509000,1608716012,6285.27197503121,82639.5104834995,33280.681077046866,wNXM,BNT,0.07605650055594389,0.6847999187833568
11510000,1608728710,6285.27197503121,82639.5104834995,33280.681077046866,wNXM,BNT,0.07605650055594389,0.6847999187833568
11511000,1608742373,6285.27197503121,82639.5104834995,33280.681077046866,wNXM,BNT,0.07605650055594389,0.6847999187833568
11512000,1608755539,6285.27197503121,82639.5104834995,33280.681077046866,wNXM,BNT,0.07605650055594389,0.6847999187833568
11513000,1608768583,6285.27197503121,82639.5104834995,33280.681077046866,wNXM,BNT,0.07605650055594389,0.6847999187833568
11514000,1608782222,6037.283067013403,86069.38911821046,33280.681077046866,wNXM,BNT,0.07014436989580122,0.6849406227944328
11515000,1608795613,6037.283067013403,86069.38911821046,33280.681077046866,wNXM,BNT,0.07014436989580122,0.6849406227944328
11516000,1608808964,6037.283067013403,86069.38911821046,33280.681077046866,wNXM,BNT,0.07014436989580122,0.6849406227944328
11517000,1608822260,6037.283067013403,86069.38911821046,33280.681077046866,wNXM,BNT,0.07014436989580122,0.6849406227944328
11518000,1608835449,6064.471922367256,85687.37285709569,33280.681077046866,wNXM,BNT,0.0707743944079278,0.684956045743505
11519000,1608848561,6064.471922367256,85687.37285709569,33280.681077046866,wNXM,BNT,0.0707743944079278,0.684956045743505
11520000,1608861888,6064.471922367256,85687.37285709569,33280.681077046866,wNXM,BNT,0.0707743944079278,0.684956045743505
11521000,1608875500,6177.261878715032,84138.46195101368,33280.681077046866,wNXM,BNT,0.07341781315555186,0.6850197384868341
11522000,1608888908,6177.261878715032,84138.46195101368,33280.681077046866,wNXM,BNT,0.07341781315555186,0.6850197384868341
11523000,1608902154,6177.261878715032,84138.46195101368,33280.681077046866,wNXM,BNT,0.07341781315555186,0.6850197384868341
11524000,1608915452,6177.261878715032,84138.46195101368,33280.681077046866,wNXM,BNT,0.07341781315555186,0.6850197384868341
11525000,1608928354,6177.261878715032,84138.46195101368,33280.681077046866,wNXM,BNT,0.07341781315555186,0.6850197384868341
11526000,1608942603,6177.261878715032,84138.46195101368,33280.681077046866,wNXM,BNT,0.07341781315555186,0.6850197384868341
11527000,1608955581,6177.261878715032,84138.46195101368,33280.681077046866,wNXM,BNT,0.07341781315555186,0.6850197384868341
11528000,1608968406,6177.261878715032,84138.46195101368,33280.681077046866,wNXM,BNT,0.07341781315555186,0.6850197384868341
11529000,1608981312,6177.261878715032,84138.46195101368,33280.681077046866,wNXM,BNT,0.07341781315555186,0.6850197384868341
11530000,1608994571,6177.261878715032,84138.46195101368,33280.681077046866,wNXM,BNT,0.07341781315555186,0.6850197384868341
11531000,1609007854,6259.487851579752,83044.25370542343,33280.681077046866,wNXM,BNT,0.07537532787980199,0.6850653287024078
11532000,1609021241,6458.461487668479,80526.84979389048,33280.681077046866,wNXM,BNT,0.08020258465591285,0.6852399687850358
11533000,1609034138,6380.009776417196,81527.17344691665,33280.681077046866,wNXM,BNT,0.07825623662239804,0.685282528531532
11534000,1609047959,6380.009776417196,81527.17344691665,33280.681077046866,wNXM,BNT,0.07825623662239804,0.685282528531532
11535000,1609061252,6380.009776417196,81527.17344691665,33280.681077046866,wNXM,BNT,0.07825623662239804,0.685282528531532
11536000,1609074574,6380.009776417196,81527.17344691665,33280.681077046866,wNXM,BNT,0.07825623662239804,0.685282528531532
11537000,1609087712,6380.009776417196,81527.17344691665,33280.681077046866,wNXM,BNT,0.07825623662239804,0.685282528531532
11538000,1609100774,6380.009776417196,81527.17344691665,33280.681077046866,wNXM,BNT,0.07825623662239804,0.685282528531532
11539000,1609113885,6320.129182994976,82307.48654418677,33280.681077046866,wNXM,BNT,0.07678680820367434,0.6853153226365651
11540000,1609127071,6320.129182994976,82307.48654418677,33280.681077046866,wNXM,BNT,0.07678680820367434,0.6853153226365651
11541000,1609140168,6320.129182994976,82307.48654418677,33280.681077046866,wNXM,BNT,0.07678680820367434,0.6853153226365651
11542000,1609152784,6269.629074899879,83004.65397643195,33280.681077046866,wNXM,BNT,0.07553346438478083,0.6854565649352629
11543000,1609165810,6038.678071500498,86212.23489816311,33280.681077046866,wNXM,BNT,0.07004432814708486,0.6855879648188347
11544000,1609179535,6038.678071500498,86212.23489816311,33280.681077046866,wNXM,BNT,0.07004432814708486,0.6855879648188347
11545000,1609192203,6313.974578346657,82490.34696442919,33280.681077046866,wNXM,BNT,0.07654198110076221,0.6857420387031983
11546000,1609205885,6313.974578346657,82490.34696442919,33280.681077046866,wNXM,BNT,0.07654198110076221,0.6857420387031983
11547000,1609219479,6538.050990584533,79691.21154302862,33280.681077046866,wNXM,BNT,0.08204230885678486,0.6858626624146029
11548000,1609232681,6538.050990584533,79691.21154302862,33280.681077046866,wNXM,BNT,0.08204230885678486,0.6858626624146029
11549000,1609245928,6538.050990584533,79691.21154302862,33280.681077046866,wNXM,BNT,0.08204230885678486,0.6858626624146029
11550000,1609259210,6538.050990584533,79691.21154302862,33280.681077046866,wNXM,BNT,0.08204230885678486,0.6858626624146029
11551000,1609273006,6261.797386252236,83243.53421187826,33280.681077046866,wNXM,BNT,0.07522262774564804,0.68601333114654
11552000,1609286769,6035.036570139232,86460.77911619403,33280.681077046866,wNXM,BNT,0.06980085805182011,0.6863684622625293
11553000,1609300140,6035.036570139232,86460.77911619403,33280.681077046866,wNXM,BNT,0.06980085805182011,0.6863684622625293
11554000,1609312804,6035.036570139232,86460.77911619403,33280.681077046866,wNXM,BNT,0.06980085805182011,0.6863684622625293
11555000,1609326297,6035.036570139232,86460.77911619403,33280.681077046866,wNXM,BNT,0.06980085805182011,0.6863684622625293
11556000,1609339826,6035.036570139232,86460.77911619403,33280.681077046866,wNXM,BNT,0.06980085805182011,0.6863684622625293
11557000,1609352451,5723.532109621523,91231.2882105634,33280.681077046866,wNXM,BNT,0.06273650434937969,0.68661258602396
11558000,1609365524,5431.997607372217,96179.02214870501,33280.681077046866,wNXM,BNT,0.05647798746564149,0.6867960018110921
11559000,1609378868,5552.7937620086495,94107.54133802236,33280.681077046866,wNXM,BNT,0.05900476925715994,0.6868719478160681
11560000,1609392500,5660.795323370649,92330.03072128992,33280.681077046866,wNXM,BNT,0.06131044557386197,0.6869387426937451
11561000,1609405681,5658.445153265213,92368.76645570826,33280.681077046866,wNXM,BNT,0.061259291104406956,0.6869401836685062
11562000,1609418376,5658.445153265213,92368.76645570826,33280.681077046866,wNXM,BNT,0.061259291104406956,0.6869401836685062
11563000,1609431762,5658.445153265213,92368.76645570826,33280.681077046866,wNXM,BNT,0.061259291104406956,0.6869401836685062
11564000,1609445658,5506.268248109721,94948.07078545465,33280.681077046866,wNXM,BNT,0.05799241840891875,0.6870360875212919
11565000,1609459028,5448.465070685691,95965.66594833064,33280.681077046866,wNXM,BNT,0.05677514991267008,0.6870729026910278
11566000,1609471724,5448.465070685691,95965.66594833064,33280.681077046866,wNXM,BNT,0.05677514991267008,0.6870729026910278
11567000,1609485046,5523.062474504705,94682.46452287716,33280.681077046866,wNXM,BNT,0.058332474786503094,0.6871199362132041
11568000,1609498801,5457.922202259946,95824.05134628453,33280.681077046866,wNXM,BNT,0.05695774834792112,0.6871613580026908
11569000,1609511574,5544.650127259946,94340.18586548111,33280.681077046866,wNXM,BNT,0.0587729404642685,0.6872159517740959
11570000,1609524661,5348.38041984519,97869.16908399625,33280.681077046866,wNXM,BNT,0.05464826635296086,0.6874512251535498
11571000,1609537804,5288.0006101496265,98998.08356138143,33280.681077046866,wNXM,BNT,0.053415181586529664,0.687490872535316
11572000,1609551469,5288.0006101496265,98998.08356138143,33280.681077046866,wNXM,BNT,0.053415181586529664,0.687490872535316
11573000,1609563999,5288.0006101496265,98998.08356138143,33280.681077046866,wNXM,BNT,0.053415181586529664,0.687490872535316
11574000,1609577641,5382.584056949626,97275.87280311881,33280.681077046866,wNXM,BNT,0.055333186964497245,0.6875523535692148
11575000,1609590653,5382.584056949626,97275.87280311881,33280.681077046866,wNXM,BNT,0.055333186964497245,0.6875523535692148
11576000,1609603954,5382.584056949626,97275.87280311881,33280.681077046866,wNXM,BNT,0.055333186964497245,0.6875523535692148
11577000,1609616762,5382.584056949626,97275.87280311881,33280.681077046866,wNXM,BNT,0.055333186964497245,0.6875523535692148
11578000,1609630001,5405.479049598623,96867.97942889728,33280.681077046866,wNXM,BNT,0.05580253744805666,0.6875669760428496
11579000,1609643486,5491.493801504337,95365.88277466035,33280.681077046866,wNXM,BNT,0.05758342125852455,0.6876216784566472
11580000,1609657355,5491.493801504337,95365.88277466035,33280.681077046866,wNXM,BNT,0.05758342125852455,0.6876216784566472
11581000,1609670202,5491.493801504337,95365.88277466035,33280.681077046866,wNXM,BNT,0.05758342125852455,0.6876216784566472
11582000,1609683401,5567.4956695043375,94077.06176644596,33280.681077046866,wNXM,BNT,0.05918016108247623,0.6876692599762205
11583000,1609696530,5567.4956695043375,94077.06176644596,33280.681077046866,wNXM,BNT,0.05918016108247623,0.6876692599762205
11584000,1609709635,5139.139698738455,102001.98170379354,33280.681077046866,wNXM,BNT,0.050382743677099814,0.6879506906521883
11585000,1609723433,5192.3092427247275,100967.92063127921,33280.681077046866,wNXM,BNT,0.051425335990490664,0.6879862774241084
11586000,1609736472,5027.892413243828,104390.78942566135,33280.681077046866,wNXM,BNT,0.048164138243482535,0.6883857531345221
11587000,1609750081,5027.892413243828,104390.78942566135,33280.681077046866,wNXM,BNT,0.048164138243482535,0.6883857531345221
11588000,1609763514,5228.017821762437,100467.84212054344,33280.681077046866,wNXM,BNT,0.052036728483625144,0.6886362201469753
11589000,1609776684,5155.542806662631,101894.65647537314,33280.681077046866,wNXM,BNT,0.050596792658196665,0.688685117442915
11590000,1609790045,5109.218835070338,102827.92640500805,33280.681077046866,wNXM,BNT,0.049687074452388284,0.6887166556224843
11591000,1609802757,4857.803389953606,108397.75963461206,33280.681077046866,wNXM,BNT,0.0448146106185988,0.6895057854388115
11592000,1609816700,4994.774097373606,105454.71039299591,33280.681077046866,wNXM,BNT,0.0473641630493288,0.6896023164965622
11593000,1609829565,5095.370860894032,103393.56139626882,33280.681077046866,wNXM,BNT,0.04928131686426182,0.6896717573433522
11594000,1609842701,5095.370860894032,103393.56139626882,33280.681077046866,wNXM,BNT,0.04928131686426182,0.6896717573433522
11595000,1609856035,5063.750513166038,104045.76025683575,33280.681077046866,wNXM,BNT,0.048668494522662226,0.6896935089899316
11596000,1609869311,5063.750513166038,104045.76025683575,33280.681077046866,wNXM,BNT,0.048668494522662226,0.6896935089899316
11597000,1609882296,4850.575687412842,108666.14412062343,33280.681077046866,wNXM,BNT,0.0446374142256168,0.6898450715153659
11598000,1609895571,5026.440343131585,104901.82967197566,33280.681077046866,wNXM,BNT,0.04791565942032744,0.6899690220464455
11599000,1609909426,5026.440343131585,104901.82967197566,33280.681077046866,wNXM,BNT,0.04791565942032744,0.6899690220464455
11600000,1609922671,5026.440343131585,104901.82967197566,33280.681077046866,wNXM,BNT,0.04791565942032744,0.6899690220464455
11601000,1609935946,5026.440343131585,104901.82967197566,33280.681077046866,wNXM,BNT,0.04791565942032744,0.6899690220464455
11602000,1609948588,5026.440343131585,104901.82967197566,33280.681077046866,wNXM,BNT,0.04791565942032744,0.6899690220464455
11603000,1609961853,5053.33382247778,104349.13247525746,33280.681077046866,wNXM,BNT,0.04842717617873815,0.6899874798597121
11604000,1609975244,5105.233494656653,103298.92998881856,33280.681077046866,wNXM,BNT,0.04942193975493513,0.690022911127325
11605000,1609988515,5105.233494656653,103298.92998881856,33280.681077046866,wNXM,BNT,0.04942193975493513,0.690022911127325
11606000,1610002061,5184.520182456653,101734.98049559188,33280.681077046866,wNXM,BNT,0.05096103775909502,0.6900764909559317
11607000,1610015313,5184.520182456653,101734.98049559188,33280.681077046866,wNXM,BNT,0.05096103775909502,0.6900764909559317
11608000,1610028326,5184.520182456653,101734.98049559188,33280.681077046866,wNXM,BNT,0.05096103775909502,0.6900764909559317
11609000,1610041398,5279.895170772375,99915.63701629675,33280.681077046866,wNXM,BNT,0.052843532088087446,0.6901399616420579
11610000,1610055465,5321.428541863678,99143.600923845,33280.681077046866,wNXM,BNT,0.05367394861874361,0.6901671054342444
11611000,1610068814,5321.428541863678,99143.600923845,33280.681077046866,wNXM,BNT,0.05367394861874361,0.6901671054342444
11612000,1610082180,5321.428541863678,99143.600923845,33280.681077046866,wNXM,BNT,0.05367394861874361,0.6901671054342444
11613000,1610095037,5321.428541863678,99143.600923845,33280.681077046866,wNXM,BNT,0.05367394861874361,0.6901671054342444
11614000,1610107630,5321.428541863678,99143.600923845,33280.681077046866,wNXM,BNT,0.05367394861874361,0.6901671054342444
11615000,1610120989,5321.428541863678,99143.600923845,33280.681077046866,wNXM,BNT,0.05367394861874361,0.6901671054342444
11616000,1610134350,5417.028541863679,97411.40643874668,33280.681077046866,wNXM,BNT,0.05560979704435295,0.6902290972581354
11617000,1610147668,5275.728640464274,100081.47890796904,33280.681077046866,wNXM,BNT,0.05271433533986468,0.6904398927584853
11618000,1610160525,5376.592286393297,98331.09697890008,33280.681077046866,wNXM,BNT,0.054678453221639625,0.6908866311019796
11619000,1610173897,5273.521537105906,100272.77022816356,33280.681077046866,wNXM,BNT,0.052591760705387736,0.6909548399349295
11620000,1610187578,5273.521537105906,100272.77022816356,33280.681077046866,wNXM,BNT,0.052591760705387736,0.6909548399349295
11621000,1610201151,5273.521537105906,100272.77022816356,33280.681077046866,wNXM,BNT,0.052591760705387736,0.6909548399349295
11622000,1610214594,5273.521537105906,100272.77022816356,33280.681077046866,wNXM,BNT,0.052591760705387736,0.6909548399349295
11623000,1610227531,5273.521537105906,100272.77022816356,33280.681077046866,wNXM,BNT,0.052591760705387736,0.6909548399349295
11624000,1610240928,5556.159289095156,95222.4245875381,33280.681077046866,wNXM,BNT,0.05834927343177836,0.6911379752071307
11625000,1610254244,5511.382360939503,96003.93260362498,33280.681077046866,wNXM,BNT,0.05740788123435061,0.6911663361099474
11626000,1610267367,5411.205288686992,97799.53168098674,33280.681077046866,wNXM,BNT,0.05532956237804754,0.6912309688586915
11627000,1610280279,5587.887942229536,94746.21951245432,33280.681077046866,wNXM,BNT,0.0589774238062872,0.6913732685241323
11628000,1610293257,5587.887942229536,94746.21951245432,33280.681077046866,wNXM,BNT,0.0589774238062872,0.6913732685241323
11629000,1610306617,5412.227412315375,97933.29338885397,33280.681077046866,wNXM,BNT,0.055264427704126956,0.6917688351109526
11630000,1610320182,5458.800569642851,97106.10580502794,33280.681077046866,wNXM,BNT,0.05621480260575135,0.6917985984258197
11631000,1610333488,5458.800569642851,97106.10580502794,33280.681077046866,wNXM,BNT,0.05621480260575135,0.6917985984258197
11632000,1610347188,5601.429389468362,94658.22562610178,33280.681077046866,wNXM,BNT,0.059175305182604034,0.6918889699021397
11633000,1610360087,5601.429389468362,94658.22562610178,33280.681077046866,wNXM,BNT,0.059175305182604034,0.6918889699021397
11634000,1610373329,5302.3268777621515,100054.09912642809,33280.681077046866,wNXM,BNT,0.05299459916242058,0.69208348578814
11635000,1610386357,5368.653234762153,98830.35429290944,33280.681077046866,wNXM,BNT,0.05432190619139899,0.6921267705025649
11636000,1610399427,5136.063720939937,103353.21892945407,33280.681077046866,wNXM,BNT,0.049694279231357726,0.6922851245654777
11637000,1610412948,5103.763572160209,104106.12787536536,33280.681077046866,wNXM,BNT,0.049024622049821845,0.692613919493773
11638000,1610426201,5195.444540296208,102330.54784692601,33280.681077046866,wNXM,BNT,0.05077119833334576,0.6928222088808313
11639000,1610439218,5195.444540296208,102330.54784692601,33280.681077046866,wNXM,BNT,0.05077119833334576,0.6928222088808313
11640000,1610453076,4935.577579605866,107832.32854619666,33280.681077046866,wNXM,BNT,0.04577085226803208,0.6931883860141101
11641000,1610466343,5005.577579605865,106339.43781592463,33280.681077046866,wNXM,BNT,0.04707169496485965,0.6932375408150242
11642000,1610478768,4912.104173084127,108383.82501408688,33280.681077046866,wNXM,BNT,0.04532137680549372,0.6933041754461928
11643000,1610491795,4912.104173084127,108383.82501408688,33280.681077046866,wNXM,BNT,0.04532137680549372,0.6933041754461928
11644000,1610505252,4944.6871352178605,107676.77291754894,33280.681077046866,wNXM,BNT,0.045921576225210085,0.693327169186048
11645000,1610518999,4692.131744997349,113533.09302741155,33280.681077046866,wNXM,BNT,0.04132831776074731,0.6935122365147285
11646000,1610532537,4628.767323637866,115452.35374322375,33280.681077046866,wNXM,BNT,0.040092446568327694,0.6946113341409258
11647000,1610546122,4605.445778937109,116057.34178200991,33280.681077046866,wNXM,BNT,0.03968250270273725,0.6946722347536093
11648000,1610558675,4690.062796937109,113984.40111196946,33280.681077046866,wNXM,BNT,0.04114653190422042,0.6947360487643065
11649000,1610571054,4732.640328729272,113039.33950927042,33280.681077046866,wNXM,BNT,0.041867197289675834,0.6949832703038722
11650000,1610583904,4715.0230862384715,113489.34753399012,33280.681077046866,wNXM,BNT,0.041545952890656275,0.6950679381246593
11651000,1610597181,4800.480660165461,111489.16320378242,33280.681077046866,wNXM,BNT,0.04305782304053205,0.6951307247133002
11652000,1610610877,4800.480660165461,111489.16320378242,33280.681077046866,wNXM,BNT,0.04305782304053205,0.6951307247133002
11653000,1610624387,4800.480660165461,111489.16320378242,33280.681077046866,wNXM,BNT,0.04305782304053205,0.6951307247133002
11654000,1610637956,4880.403002971186,109681.5881596747,33280.681077046866,wNXM,BNT,0.04449610080286478,0.6951883772510065
11655000,1610651093,4880.403002971186,109681.5881596747,33280.681077046866,wNXM,BNT,0.04449610080286478,0.6951883772510065
11656000,1610664866,5087.609579816156,105321.82629780866,33280.681077046866,wNXM,BNT,0.04830536801963915,0.695542822609623
11657000,1610678657,5087.609579816156,105321.82629780866,33280.681077046866,wNXM,BNT,0.04830536801963915,0.695542822609623
11658000,1610691633,5226.597595469096,102548.87744810777,33280.681077046866,wNXM,BNT,0.05096689233008798,0.6956371740285636
11659000,1610704605,5226.597595469096,102548.87744810777,33280.681077046866,wNXM,BNT,0.05096689233008798,0.6956371740285636
11660000,1610717878,5216.658020369321,102774.46723578945,33280.681077046866,wNXM,BNT,0.050758307590162914,0.6957393952548379
11661000,1610730427,5350.658020369321,100226.35805527438,33280.681077046866,wNXM,BNT,0.05338573728697652,0.6958287466100962
11662000,1610743741,5368.108819260618,99990.97028802596,33280.681077046866,wNXM,BNT,0.05368593587798653,0.6961436106793776
11663000,1610756963,5368.108819260618,99990.97028802596,33280.681077046866,wNXM,BNT,0.05368593587798653,0.6961436106793776
11664000,1610769720,5368.108819260618,99990.97028802596,33280.681077046866,wNXM,BNT,0.05368593587798653,0.6961436106793776
11665000,1610783014,5393.246347563902,99529.58016659095,33280.681077046866,wNXM,BNT,0.05418737161893757,0.6961599098318798
11666000,1610796645,5393.246347563902,99529.58016659095,33280.681077046866,wNXM,BNT,0.05418737161893757,0.6961599098318798
11667000,1610810459,5297.350755185952,101349.8522712013,33280.681077046866,wNXM,BNT,0.05226796720937305,0.6962235664115917
11668000,1610823692,5297.350755185952,101349.8522712013,33280.681077046866,wNXM,BNT,0.05226796720937305,0.6962235664115917
11669000,1610836576,5297.350755185952,101349.8522712013,33280.681077046866,wNXM,BNT,0.05226796720937305,0.6962235664115917
11670000,1610850269,5297.350755185952,101349.8522712013,33280.681077046866,wNXM,BNT,0.05226796720937305,0.6962235664115917
11671000,1610863459,5297.350755185952,101349.8522712013,33280.681077046866,wNXM,BNT,0.05226796720937305,0.6962235664115917
11672000,1610876713,5443.876630908251,98649.22676174207,33280.681077046866,wNXM,BNT,0.05518417943666522,0.6963198482315806
11673000,1610890333,5422.986107036214,99033.09857954097,33280.681077046866,wNXM,BNT,0.05475932980811061,0.6963333959792118
11674000,1610903700,5422.986107036214,99033.09857954097,33280.681077046866,wNXM,BNT,0.05475932980811061,0.6963333959792118
11675000,1610916881,5422.986107036214,99033.09857954097,33280.681077046866,wNXM,BNT,0.05475932980811061,0.6963333959792118
11676000,1610929796,5422.986107036214,99033.09857954097,33280.681077046866,wNXM,BNT,0.05475932980811061,0.6963333959792118
11677000,1610943015,5422.986107036214,99033.09857954097,33280.681077046866,wNXM,BNT,0.05475932980811061,0.6963333959792118
11678000,1610956120,5422.986107036214,99033.09857954097,33280.681077046866,wNXM,BNT,0.05475932980811061,0.6963333959792118
11679000,1610969565,5319.51765989068,100979.20320241294,33280.681077046866,wNXM,BNT,0.05267933882611155,0.6964018110390378
11680000,1610983314,5319.51765989068,100979.20320241294,33280.681077046866,wNXM,BNT,0.05267933882611155,0.6964018110390378
11681000,1610996276,5319.51765989068,100979.20320241294,33280.681077046866,wNXM,BNT,0.05267933882611155,0.6964018110390378
11682000,1611009909,5325.80765989068,100861.13517660019,33280.681077046866,wNXM,BNT,0.05280336822072838,0.6964059282868061
11683000,1611023041,5325.80765989068,100861.13517660019,33280.681077046866,wNXM,BNT,0.05280336822072838,0.6964059282868061
11684000,1611036054,5325.80765989068,100861.13517660019,33280.681077046866,wNXM,BNT,0.05280336822072838,0.6964059282868061
11685000,1611049523,5325.80765989068,100861.13517660019,33280.681077046866,wNXM,BNT,0.05280336822072838,0.6964059282868061
11686000,1611062770,4996.2033191608725,107585.58723922343,33280.681077046866,wNXM,BNT,0.046439336786362424,0.6966343639485924
11687000,1611075886,4884.567931811555,110155.44862923262,33280.681077046866,wNXM,BNT,0.04434249955489998,0.6969856928462083
11688000,1611089195,4705.9021457449935,114750.87749868863,33280.681077046866,wNXM,BNT,0.04100972688247,0.6982440576573219
11689000,1611102087,4695.091004663833,115148.61834294826,33280.681077046866,wNXM,BNT,0.040774184460298055,0.6986492023296164
11690000,1611115705,4596.416245991245,117649.17785285198,33280.681077046866,wNXM,BNT,0.039068834392877325,0.6987340677728504
11691000,1611128756,4596.416245991245,117649.17785285198,33280.681077046866,wNXM,BNT,0.039068834392877325,0.6987340677728504
11692000,1611141928,4636.3175056545215,116646.78600089985,33280.681077046866,wNXM,BNT,0.039746637388009605,0.6987643954922491
11693000,1611155239,4636.3175056545215,116646.78600089985,33280.681077046866,wNXM,BNT,0.039746637388009605,0.6987643954922491
11694000,1611167440,4793.210685404925,112866.52730360463,33280.681077046866,wNXM,BNT,0.042467955734222754,0.698881646351083
11695000,1611180369,4714.113426221375,114858.0508464563,33280.681077046866,wNXM,BNT,0.041042951638829935,0.6991792476834008
11696000,1611194301,4790.462812365185,113069.03691959077,33280.681077046866,wNXM,BNT,0.04236759189672704,0.6993078086333729
11697000,1611208143,4831.778400513892,112111.87410276303,33280.681077046866,wNXM,BNT,0.04309782919233897,0.6993379640605322
11698000,1611221796,4731.838793478304,114575.39656816663,33280.681077046866,wNXM,BNT,0.04129890827533027,0.6996300414340791
11699000,1611234805,4708.94675182767,115188.60921461476,33280.681077046866,wNXM,BNT,0.040880316065403224,0.699800827506571
11700000,1611247827,4708.94675182767,115188.60921461476,33280.681077046866,wNXM,BNT,0.040880316065403224,0.699800827506571
11701000,1611261352,4708.94675182767,115188.60921461476,33280.681077046866,wNXM,BNT,0.040880316065403224,0.699800827506571
11702000,1611274066,4708.94675182767,115188.60921461476,33280.681077046866,wNXM,BNT,0.040880316065403224,0.699800827506571
11703000,1611287519,4708.94675182767,115188.60921461476,33280.681077046866,wNXM,BNT,0.040880316065403224,0.699800827506571
11704000,1611300943,4511.107775937511,120292.9617148121,33280.681077046866,wNXM,BNT,0.037501011793460916,0.6999540084953596
11705000,1611314582,4485.76052128946,121108.0166334804,33280.681077046866,wNXM,BNT,0.037039336007500666,0.7003454036612399
11706000,1611327817,4485.76052128946,121108.0166334804,33280.681077046866,wNXM,BNT,0.037039336007500666,0.7003454036612399
11707000,1611341066,4485.76052128946,121108.0166334804,33280.681077046866,wNXM,BNT,0.037039336007500666,0.7003454036612399
11708000,1611354273,4485.76052128946,121108.0166334804,33280.681077046866,wNXM,BNT,0.037039336007500666,0.7003454036612399
11709000,1611367486,4421.0555373265515,122930.27338418637,33280.681077046866,wNXM,BNT,0.03596392829543054,0.7004871996419757
11710000,1611380556,4538.265998051139,119787.08458769844,33280.681077046866,wNXM,BNT,0.03788610444666584,0.7005800496249431
11711000,1611394052,4436.9045903828355,122551.90910792549,33280.681077046866,wNXM,BNT,0.036204287821215986,0.7006608959511454
11712000,1611407104,4502.676790382836,120779.65141301164,33280.681077046866,wNXM,BNT,0.03728009426841052,0.7007128266383029
11713000,1611420746,4502.676790382836,120779.65141301164,33280.681077046866,wNXM,BNT,0.03728009426841052,0.7007128266383029
11714000,1611433732,4632.646069743622,117957.89641863988,33280.681077046866,wNXM,BNT,0.039273725713979114,0.7024022029763691
11715000,1611446663,4609.475632700312,118671.1895985966,33280.681077046866,wNXM,BNT,0.03884241531825703,0.7027586571484119
11716000,1611459890,4571.504097758822,119666.92874226606,33280.681077046866,wNXM,BNT,0.03820190043988468,0.7027881398572144
11717000,1611473553,4484.132469542997,122022.49293411185,33280.681077046866,wNXM,BNT,0.036748408934443595,0.702856973836337
11718000,1611487072,4586.255616738336,119332.56266682432,33280.681077046866,wNXM,BNT,0.038432557838744566,0.7029370047903847
11719000,1611499869,4524.109671333983,120988.57555171805,33280.681077046866,wNXM,BNT,0.037392866646323124,0.7029857774107218
11720000,1611513320,4524.109671333983,120988.57555171805,33280.681077046866,wNXM,BNT,0.037392866646323124,0.7029857774107218
11721000,1611526788,4518.832860654977,121166.84832748202,33280.681077046866,wNXM,BNT,0.03729430057008468,0.7030931059116776
11722000,1611539951,4718.647349576053,116352.8717882853,33280.681077046866,wNXM,BNT,0.040554627290696046,0.7040526033889897
11723000,1611553245,4673.36624362818,117582.10010853787,33280.681077046866,wNXM,BNT,0.039745558544321644,0.7043577697033405
11724000,1611566567,4710.7105315852705,116695.290474683,33280.681077046866,wNXM,BNT,0.04036761477197109,0.7044945996586152
11725000,1611579635,4720.183257892327,116491.32616082368,33280.681077046866,wNXM,BNT,0.040519611317462505,0.704586015906991
11726000,1611592721,4720.183257892327,116491.32616082368,33280.681077046866,wNXM,BNT,0.040519611317462505,0.704586015906991
11727000,1611605798,4720.183257892327,116491.32616082368,33280.681077046866,wNXM,BNT,0.040519611317462505,0.704586015906991
11728000,1611619442,4720.183257892327,116491.32616082368,33280.681077046866,wNXM,BNT,0.040519611317462505,0.704586015906991
11729000,1611632863,4740.183257892327,116004.73563626033,33280.681077046866,wNXM,BNT,0.040861980607028406,0.7046009428391466
11730000,1611646440,4740.183257892327,116004.73563626033,33280.681077046866,wNXM,BNT,0.040861980607028406,0.7046009428391466
11731000,1611660265,4818.900890078805,114128.7265344338,33280.681077046866,wNXM,BNT,0.04222338263473827,0.7046594450239335
11732000,1611673324,4818.900890078805,114128.7265344338,33280.681077046866,wNXM,BNT,0.04222338263473827,0.7046594450239335
11733000,1611685824,4898.933169972348,112336.88702209321,33280.681077046866,wNXM,BNT,0.04360930144885427,0.7048873951614065
11734000,1611698848,4882.301390020721,112755.76511249083,33280.681077046866,wNXM,BNT,0.04329979389656831,0.7050005656391508
11735000,1611712634,4834.223458462779,113898.89611346948,33280.681077046866,wNXM,BNT,0.042443110718533926,0.7050678514261823
11736000,1611726163,4834.223458462779,113898.89611346948,33280.681077046866,wNXM,BNT,0.042443110718533926,0.7050678514261823
11737000,1611739725,4834.223458462779,113898.89611346948,33280.681077046866,wNXM,BNT,0.042443110718533926,0.7050678514261823
11738000,1611752604,4834.223458462779,113898.89611346948,33280.681077046866,wNXM,BNT,0.042443110718533926,0.7050678514261823
11739000,1611765926,4834.223458462779,113898.89611346948,33280.681077046866,wNXM,BNT,0.042443110718533926,0.7050678514261823
11740000,1611779234,4834.223458462779,113898.89611346948,33280.681077046866,wNXM,BNT,0.042443110718533926,0.7050678514261823
11741000,1611792515,4888.258522730761,112732.6295057797,33280.681077046866,wNXM,BNT,0.04336152313807374,0.705358162196072
11742000,1611805686,4888.258522730761,112732.6295057797,33280.681077046866,wNXM,BNT,0.04336152313807374,0.705358162196072
11743000,1611819461,4888.258522730761,112732.6295057797,33280.681077046866,wNXM,BNT,0.04336152313807374,0.705358162196072
11744000,1611832892,4985.585617508362,110553.80710855943,33280.681077046866,wNXM,BNT,0.0450964625090904,0.7054280676500481
11745000,1611846506,4985.585617508362,110553.80710855943,33280.681077046866,wNXM,BNT,0.0450964625090904,0.7054280676500481
11746000,1611859497,4985.585617508362,110553.80710855943,33280.681077046866,wNXM,BNT,0.0450964625090904,0.7054280676500481
11747000,1611872171,4928.154858303991,111908.17314653959,33280.681077046866,wNXM,BNT,0.044037488234668576,0.7056362297061612
11748000,1611885719,4957.593125386543,111250.3057539516,33280.681077046866,wNXM,BNT,0.04456251236154872,0.7056573049343006
11749000,1611899290,4957.593125386543,111250.3057539516,33280.681077046866,wNXM,BNT,0.04456251236154872,0.7056573049343006
11750000,1611912659,4957.593125386543,111250.3057539516,33280.681077046866,wNXM,BNT,0.04456251236154872,0.7056573049343006
11751000,1611925938,4957.593125386543,111250.3057539516,33280.681077046866,wNXM,BNT,0.04456251236154872,0.7056573049343006
11752000,1611939501,4957.593125386543,111250.3057539516,33280.681077046866,wNXM,BNT,0.04456251236154872,0.7056573049343006
11753000,1611952682,4957.593125386543,111250.3057539516,33280.681077046866,wNXM,BNT,0.04456251236154872,0.7056573049343006
11754000,1611965886,4957.593125386543,111250.3057539516,33280.681077046866,wNXM,BNT,0.04456251236154872,0.7056573049343006
11755000,1611978951,4957.593125386543,111250.3057539516,33280.681077046866,wNXM,BNT,0.04456251236154872,0.7056573049343006
11756000,1611992322,4957.593125386543,111250.3057539516,33280.681077046866,wNXM,BNT,0.04456251236154872,0.7056573049343006
11757000,1612006184,4957.593125386543,111250.3057539516,33280.681077046866,wNXM,BNT,0.04456251236154872,0.7056573049343006
11758000,1612019067,4957.593125386543,111250.3057539516,33280.681077046866,wNXM,BNT,0.04456251236154872,0.7056573049343006
11759000,1612032780,5032.734025386543,109605.90063003979,33280.681077046866,wNXM,BNT,0.04591663401748662,0.7057107801939979
11760000,1612046708,5032.734025386543,109605.90063003979,33280.681077046866,wNXM,BNT,0.04591663401748662,0.7057107801939979
11761000,1612059688,5032.734025386543,109605.90063003979,33280.681077046866,wNXM,BNT,0.04591663401748662,0.7057107801939979
11762000,1612072869,5032.734025386543,109605.90063003979,33280.681077046866,wNXM,BNT,0.04591663401748662,0.7057107801939979
11763000,1612085911,5142.255276133514,107367.48242610137,33280.681077046866,wNXM,BNT,0.04789397273679033,0.7060264895516187
11764000,1612098676,5142.255276133514,107367.48242610137,33280.681077046866,wNXM,BNT,0.04789397273679033,0.7060264895516187
11765000,1612112314,5142.255276133514,107367.48242610137,33280.681077046866,wNXM,BNT,0.04789397273679033,0.7060264895516187
11766000,1612125243,5142.255276133514,107367.48242610137,33280.681077046866,wNXM,BNT,0.04789397273679033,0.7060264895516187
11767000,1612138408,5142.255276133514,107367.48242610137,33280.681077046866,wNXM,BNT,0.04789397273679033,0.7060264895516187
11768000,1612150933,5210.770678313664,105969.84598675292,33280.681077046866,wNXM,BNT,0.04917220205231828,0.7060735234648181
11769000,1612164715,5176.804030436402,106672.21744779468,33280.681077046866,wNXM,BNT,0.048530012352747114,0.7060969224643355
11770000,1612178425,5176.804030436402,106672.21744779468,33280.681077046866,wNXM,BNT,0.048530012352747114,0.7060969224643355
11771000,1612191587,5160.08001009857,107258.51558252066,33280.681077046866,wNXM,BNT,0.048108814317205414,0.7068901067370745
11772000,1612204902,5078.194515080257,109005.80552505785,33280.681077046866,wNXM,BNT,0.046586459231411304,0.7069476821971118
11773000,1612218140,5078.194515080257,109005.80552505785,33280.681077046866,wNXM,BNT,0.046586459231411304,0.7069476821971118
11774000,1612231539,5090.367340715022,108797.38506320228,33280.681077046866,wNXM,BNT,0.046787589037713906,0.7071174995240581
11775000,1612244439,5090.367340715022,108797.38506320228,33280.681077046866,wNXM,BNT,0.046787589037713906,0.7071174995240581
11776000,1612257671,5090.367340715022,108797.38506320228,33280.681077046866,wNXM,BNT,0.046787589037713906,0.7071174995240581
11777000,1612271456,5172.784261760368,107130.60167736406,33280.681077046866,wNXM,BNT,0.04828484280652875,0.7073376082665305
11778000,1612284853,5364.095511760367,103347.98140476414,33280.681077046866,wNXM,BNT,0.05190324415483061,0.7074683977268785
11779000,1612298450,5129.860058625392,108116.27560429691,33280.681077046866,wNXM,BNT,0.0474476209058529,0.7076297642380932
11780000,1612311576,5129.860058625392,108116.27560429691,33280.681077046866,wNXM,BNT,0.0474476209058529,0.7076297642380932
11781000,1612324900,5129.860058625392,108116.27560429691,33280.681077046866,wNXM,BNT,0.0474476209058529,0.7076297642380932
11782000,1612338090,4977.7467167789055,111454.56875227709,33280.681077046866,wNXM,BNT,0.04466166593711042,0.70773900279903
11783000,1612351590,4894.9126843868935,113360.03288162753,33280.681077046866,wNXM,BNT,0.043180233455809285,0.7077994989125471
11784000,1612364550,4823.522715118002,115055.00503235839,33280.681077046866,wNXM,BNT,0.041923623520432,0.7078524124291837
11785000,1612378161,4900.086944803619,113307.48013433437,33280.681077046866,wNXM,BNT,0.04324592638539137,0.7080093259199385
11786000,1612391605,4819.307579325403,115226.20505200801,33280.681077046866,wNXM,BNT,0.041824753120613324,0.7080692697836853
11787000,1612404799,4456.828350933593,124697.4958377795,33280.681077046866,wNXM,BNT,0.03574112151162631,0.7083527996478087
11788000,1612418476,4349.892319021763,127990.76703951588,33280.681077046866,wNXM,BNT,0.03398598523656614,0.7089838926467613
11789000,1612431355,4327.258194709801,128723.49991555186,33280.681077046866,wNXM,BNT,0.03361669157184716,0.709158183430079
11790000,1612444968,4324.724234094796,128884.03039600812,33280.681077046866,wNXM,BNT,0.03355515978827385,0.7093924449250718
11791000,1612457705,4449.573485709722,125303.87511959387,33280.681077046866,wNXM,BNT,0.03551026240379966,0.7094948337942004
11792000,1612470909,4449.573485709722,125303.87511959387,33280.681077046866,wNXM,BNT,0.03551026240379966,0.7094948337942004
11793000,1612484334,4484.495274822449,124538.71512207671,33280.681077046866,wNXM,BNT,0.036008844883509576,0.7100955161934289
11794000,1612497710,4601.360986221449,121407.30193210738,33280.681077046866,wNXM,BNT,0.03790019968316727,0.7101880354255444
11795000,1612510985,4601.360986221449,121407.30193210738,33280.681077046866,wNXM,BNT,0.03790019968316727,0.7101880354255444
11796000,1612525058,4761.294786526666,117402.0924836097,33280.681077046866,wNXM,BNT,0.040555450808437525,0.7104086630312546
11797000,1612538016,4761.294786526666,117402.0924836097,33280.681077046866,wNXM,BNT,0.040555450808437525,0.7104086630312546
11798000,1612550762,4825.880582618881,115846.58724443681,33280.681077046866,wNXM,BNT,0.04165751186468922,0.7104568439938495
11799000,1612564738,4825.880582618881,115846.58724443681,33280.681077046866,wNXM,BNT,0.04165751186468922,0.7104568439938495
11800000,1612578268,4825.880582618881,115846.58724443681,33280.681077046866,wNXM,BNT,0.04165751186468922,0.7104568439938495
11801000,1612590945,4985.456189879099,112175.34447865693,33280.681077046866,wNXM,BNT,0.044443422153498786,0.7105734111578322
11802000,1612604452,4985.456189879099,112175.34447865693,33280.681077046866,wNXM,BNT,0.044443422153498786,0.7105734111578322
11803000,1612617616,4985.456189879099,112175.34447865693,33280.681077046866,wNXM,BNT,0.044443422153498786,0.7105734111578322
11804000,1612630794,4985.456189879099,112175.34447865693,33280.681077046866,wNXM,BNT,0.044443422153498786,0.7105734111578322
11805000,1612644443,4985.456189879099,112175.34447865693,33280.681077046866,wNXM,BNT,0.044443422153498786,0.7105734111578322
11806000,1612657422,4985.456189879099,112175.34447865693,33280.681077046866,wNXM,BNT,0.044443422153498786,0.7105734111578322
11807000,1612670597,4985.456189879099,112175.34447865693,33280.681077046866,wNXM,BNT,0.044443422153498786,0.7105734111578322
11808000,1612683509,5110.891889815657,109449.77617822778,33280.681077046866,wNXM,BNT,0.04669622970715894,0.7106627968269325
11809000,1612697536,5110.891889815657,109449.77617822778,33280.681077046866,wNXM,BNT,0.04669622970715894,0.7106627968269325
11810000,1612710284,5110.891889815657,109449.77617822778,33280.681077046866,wNXM,BNT,0.04669622970715894,0.7106627968269325
11811000,1612723509,5110.891889815657,109449.77617822778,33280.681077046866,wNXM,BNT,0.04669622970715894,0.7106627968269325
11812000,1612736507,5110.891889815657,109449.77617822778,33280.681077046866,wNXM,BNT,0.04669622970715894,0.7106627968269325
11813000,1612749886,5110.891889815657,109449.77617822778,33280.681077046866,wNXM,BNT,0.04669622970715894,0.7106627968269325
11814000,1612763547,5194.217930978772,107827.83033553185,33280.681077046866,wNXM,BNT,0.048171403568222894,0.7111043109494226
11815000,1612776638,5103.037470562938,109817.75536817388,33280.681077046866,wNXM,BNT,0.046468236884414066,0.7113092470468568
11816000,1612790073,5101.5249302782895,109850.64398475125,33280.681077046866,wNXM,BNT,0.04644055551450795,0.7113103121733251
11817000,1612802846,5101.5249302782895,109850.64398475125,33280.681077046866,wNXM,BNT,0.04644055551450795,0.7113103121733251
11818000,1612817059,5188.5315949716405,108026.97565145537,33280.681077046866,wNXM,BNT,0.048029962550393206,0.7113709666836028
11819000,1612830176,5188.5315949716405,108026.97565145537,33280.681077046866,wNXM,BNT,0.048029962550393206,0.7113709666836028
11820000,1612843406,5188.5315949716405,108026.97565145537,33280.681077046866,wNXM,BNT,0.048029962550393206,0.7113709666836028
11821000,1612857207,5188.5315949716405,108026.97565145537,33280.681077046866,wNXM,BNT,0.048029962550393206,0.7113709666836028
11822000,1612870434,5283.10396269664,106112.5323112734,33280.681077046866,wNXM,BNT,0.04978774747547291,0.7114357952098099
11823000,1612883550,5283.10396269664,106112.5323112734,33280.681077046866,wNXM,BNT,0.04978774747547291,0.7114357952098099
11824000,1612896468,5283.10396269664,106112.5323112734,33280.681077046866,wNXM,BNT,0.04978774747547291,0.7114357952098099
11825000,1612910026,5283.10396269664,106112.5323112734,33280.681077046866,wNXM,BNT,0.04978774747547291,0.7114357952098099
11826000,1612923205,5283.10396269664,106112.5323112734,33280.681077046866,wNXM,BNT,0.04978774747547291,0.7114357952098099
11827000,1612936595,5283.10396269664,106112.5323112734,33280.681077046866,wNXM,BNT,0.04978774747547291,0.7114357952098099
11828000,1612950119,5283.10396269664,106112.5323112734,33280.681077046866,wNXM,BNT,0.04978774747547291,0.7114357952098099
11829000,1612963297,5283.10396269664,106112.5323112734,33280.681077046866,wNXM,BNT,0.04978774747547291,0.7114357952098099
11830000,1612976449,5283.10396269664,106112.5323112734,33280.681077046866,wNXM,BNT,0.04978774747547291,0.7114357952098099
11831000,1612990007,5283.10396269664,106112.5323112734,33280.681077046866,wNXM,BNT,0.04978774747547291,0.7114357952098099
11832000,1613002726,5445.68721332042,102976.17898033668,33280.681077046866,wNXM,BNT,0.052882979998318584,0.7115452560943989
11833000,1613016059,5445.68721332042,102976.17898033668,33280.681077046866,wNXM,BNT,0.052882979998318584,0.7115452560943989
11834000,1613029631,5332.859005512469,105212.86697034095,33280.681077046866,wNXM,BNT,0.05068637666736881,0.7117414731538216
11835000,1613043007,5353.749529384506,104806.42801049506,33280.681077046866,wNXM,BNT,0.051082263092187385,0.7117554136185985
11836000,1613055867,5445.623604648481,103055.90237547037,33280.681077046866,wNXM,BNT,0.05284145283409466,0.7118164820949036
11837000,1613069594,5460.273149015871,102945.38037214498,33280.681077046866,wNXM,BNT,0.05304048738541856,0.7123909772479704
11838000,1613082589,5460.273149015871,102945.38037214498,33280.681077046866,wNXM,BNT,0.05304048738541856,0.7123909772479704
11839000,1613095108,5460.273149015871,102945.38037214498,33280.681077046866,wNXM,BNT,0.05304048738541856,0.7123909772479704
11840000,1613109029,5641.764649015871,99666.81851472694,33280.681077046866,wNXM,BNT,0.05660624802809608,0.7125093615865704
11841000,1613122099,5641.764649015871,99666.81851472694,33280.681077046866,wNXM,BNT,0.05660624802809608,0.7125093615865704
11842000,1613135673,5590.285493849508,100672.93514893924,33280.681077046866,wNXM,BNT,0.0555291795712426,0.712822096650754
11843000,1613148664,5590.285493849508,100672.93514893924,33280.681077046866,wNXM,BNT,0.0555291795712426,0.712822096650754
11844000,1613161539,6829.017780715593,119423.1128202179,40059.903017146695,wNXM,BNT,0.05718338451783737,0.7128750609643214
11845000,1613174936,8155.98982966411,148192.1206984531,48763.550136102356,wNXM,BNT,0.055036595678796076,0.7129442623264007
11846000,1613188056,10430.223526959908,183073.68672496578,61282.36571914682,wNXM,BNT,0.056972816320836873,0.7130570027215196
11847000,1613202096,12514.566083598496,219658.5475628224,73528.83795531162,wNXM,BNT,0.056972816320836894,0.7130570027215196
11848000,1613215266,14282.195670948979,246384.73503344288,83188.0949196389,wNXM,BNT,0.05796704762983954,0.7130881333523303
11849000,1613228654,15139.9483891024,268836.0492475768,89453.15252835574,wNXM,BNT,0.05631666002932405,0.7131982993460141
11850000,1613242198,15139.9483891024,268836.0492475768,89453.15252835574,wNXM,BNT,0.05631666002932405,0.7131982993460141
11851000,1613255952,15042.511149846192,270798.9306600299,89453.15252835574,wNXM,BNT,0.055548635709832504,0.7134901680630956
11852000,1613268672,15048.391661703095,271174.68127607636,89532.46311513757,wNXM,BNT,0.05549335059928657,0.7134919535824839
11853000,1613281191,17232.93893958585,289397.77353200165,98960.272630764,wNXM,BNT,0.05954758645605208,0.7136189667392545
11854000,1613294883,19046.679949828052,313822.7785199548,108318.02203800314,wNXM,BNT,0.0606924712082904,0.7137582692833422
11855000,1613308097,19369.600351268735,324702.21802670654,111104.82453190965,wNXM,BNT,0.059653427897667144,0.7137893106131539
11856000,1613321565,20942.84186522121,335233.96688690345,117363.95933142431,wNXM,BNT,0.06247231466340824,0.7139323520829771
11857000,1613334583,20825.751854579226,338884.7736265305,117666.08372339647,wNXM,BNT,0.06145378451712422,0.7139619608141506
11858000,1613347854,20865.715854579226,339535.0834538913,117891.88144742377,wNXM,BNT,0.06145378451712423,0.7139619608141506
11859000,1613361379,20715.771032921988,342017.71108480735,117891.88144742377,wNXM,BNT,0.060569293231090206,0.7139880622301494
11860000,1613374252,21153.172194720803,348473.8673123573,120223.48652916621,wNXM,BNT,0.06070231996983576,0.7141402995856757
11861000,1613387512,21434.144694720795,343951.5288040024,120223.48652916621,wNXM,BNT,0.062317340961536606,0.7141877267802427
11862000,1613400787,21674.085385030172,342662.78430634923,120663.292867806,wNXM,BNT,0.06325193857542752,0.7142145390719955
11863000,1613413713,22215.97413870789,363355.01643999945,125786.01567128366,wNXM,BNT,0.06114123414717297,0.7142757402153405
11864000,1613427639,22215.97413870789,363355.01643999945,125786.01567128366,wNXM,BNT,0.06114123414717297,0.7142757402153405
11865000,1613440945,22215.97413870789,363355.01643999945,125786.01567128366,wNXM,BNT,0.06114123414717297,0.7142757402153405
11866000,1613454603,22301.13895700757,361981.2922829994,125786.01567128366,wNXM,BNT,0.06160854008878556,0.7142894309453244
11867000,1613467545,22459.509627930598,359454.3471778107,125786.01567128366,wNXM,BNT,0.06248223120478938,0.714314792988125
11868000,1613480678,22426.5064207812,386012.05072817754,130208.57337382511,wNXM,BNT,0.058097943777857666,0.7145648733589806
11869000,1613493695,23527.08150650988,395380.4298444745,134932.52917651169,wNXM,BNT,0.05950492166687262,0.7147842135477963
11870000,1613507075,24037.653558509875,387065.7841236549,134932.52917651169,wNXM,BNT,0.0621022434543856,0.7148612662474876
11871000,1613521053,24037.653558509875,387065.7841236549,134932.52917651169,wNXM,BNT,0.0621022434543856,0.7148612662474876
11872000,1613534269,25647.081520334235,412981.56223892525,143966.8629515518,wNXM,BNT,0.0621022434543856,0.7148612662474877
11873000,1613547535,26114.246647287968,416690.122822611,145868.1369852681,wNXM,BNT,0.06267066392261247,0.7151298689552726
11874000,1613560114,26114.246647287968,416690.122822611,145868.1369852681,wNXM,BNT,0.06267066392261247,0.7151298689552726
11875000,1613573596,26847.37700292457,406232.35088617116,146012.1737631646,wNXM,BNT,0.06608872224075373,0.7152355906845265
11876000,1613586767,27170.929015093676,402591.700915908,146209.93016033815,wNXM,BNT,0.06749003755735404,0.7153322139088624
11877000,1613599998,27288.996779674497,400867.2780093348,146209.93016033815,wNXM,BNT,0.06807489230647314,0.7153477556589993
11878000,1613613641,27386.610276832896,410660.12935885915,148241.78498014619,wNXM,BNT,0.06668923598594802,0.7153849097472417
11879000,1613626921,27772.660722937668,410926.2971610184,149322.63250906352,wNXM,BNT,0.06758550356794313,0.7154265843723062
11880000,1613640635,28508.102604651645,400517.4749076644,149322.63250906352,wNXM,BNT,0.07117817421380658,0.7155982231738555
11881000,1613653130,29796.647142602003,414891.09777802136,155360.14838666876,wNXM,BNT,0.0718179958600704,0.7156672271115759
11882000,1613667120,30102.47139864064,399653.0360913069,153242.53191719414,wNXM,BNT,0.0753215131130976,0.7157532284208283
11883000,1613680790,33286.354710407584,389799.46405691263,159093.7169295419,wNXM,BNT,0.08539353636860725,0.7159796996399576
11884000,1613693764,37033.00433260633,430987.1066451097,176442.83290783872,wNXM,BNT,0.08592601440186617,0.7160157738979563
11885000,1613706883,38052.23534027009,437400.8984596001,180171.68211173534,wNXM,BNT,0.08699624411902009,0.716050066166732
11886000,1613720092,38391.690642222944,443521.0716855705,182208.71387839556,wNXM,BNT,0.08656114239695091,0.7161543018844894
11887000,1613733077,38341.48093021409,444107.75488961453,182208.71387839556,wNXM,BNT,0.08633373434279273,0.716159038461146
11888000,1613746375,38046.42777693159,447586.9081265058,182208.71387839556,wNXM,BNT,0.08500344198221758,0.7161870899668065
11889000,1613759580,38046.42777693159,447586.9081265058,182208.71387839556,wNXM,BNT,0.08500344198221758,0.7161870899668065
11890000,1613772772,37158.21593197799,458471.90404360206,182208.71387839556,wNXM,BNT,0.08104796739833403,0.7163324870010195
11891000,1613785730,37158.21593197799,458471.90404360206,182208.71387839556,wNXM,BNT,0.08104796739833403,0.7163324870010195
11892000,1613799340,36669.0990449455,464804.6160612248,182208.71387839556,wNXM,BNT,0.0788914261559644,0.7164999976916328
11893000,1613812701,36669.0990449455,464804.6160612248,182208.71387839556,wNXM,BNT,0.0788914261559644,0.7164999976916328
11894000,1613826759,36176.11765138892,472665.5505252122,182489.78739780406,wNXM,BNT,0.07653639579019685,0.7165547656987501
11895000,1613840165,37616.6629683369,480484.97252569796,187609.95092221885,wNXM,BNT,0.07828894787406704,0.7165956505525636
11896000,1613853155,38645.884165950665,468977.8702088238,187841.71016215248,wNXM,BNT,0.08240449415820547,0.7166972951119844
11897000,1613865640,38874.748565950664,466244.5016492928,187841.71016215248,wNXM,BNT,0.08337846007499321,0.7167185165268374
11898000,1613880066,39500.92128073642,466556.88070848025,189404.5979165993,wNXM,BNT,0.08466474917431957,0.7167461918846532
11899000,1613893445,39739.3445617484,465304.7001959424,189716.08576993927,wNXM,BNT,0.08540499278217895,0.7167619032132135
11900000,1613907178,41161.193417459814,481953.01090229396,196504.0084807152,wNXM,BNT,0.08540499278217892,0.7167619032132131
11901000,1613920024,42899.58621745981,462615.4708394849,196504.0084807152,wNXM,BNT,0.09273270982401885,0.7169109501346373
11902000,1613933193,44883.54091745982,442367.71444162406,196504.0084807152,wNXM,BNT,0.10146206301269926,0.7170737976762204
11903000,1613945917,45237.98226465744,441806.6150071167,197136.8637841592,wNXM,BNT,0.10239317549360083,0.7171332793746593
11904000,1613958980,45566.65936465745,438651.6854639814,197136.8637841592,wNXM,BNT,0.10387891093239403,0.7171593306034759
11905000,1613972265,45566.65936465745,438651.6854639814,197136.8637841592,wNXM,BNT,0.10387891093239403,0.7171593306034759
11906000,1613986046,45885.41898387538,435710.5841026761,197136.8637841592,wNXM,BNT,0.10531169234360942,0.7172467062426902
11907000,1613999100,46744.986805875385,427778.32029784477,197136.8637841592,wNXM,BNT,0.10927385654637368,0.7173135967945624
11908000,1614012304,46409.2450114992,430904.5163988809,197136.8637841592,wNXM,BNT,0.10770192292099107,0.7173398068886102
11909000,1614025585,46988.999778566045,425640.9503510157,197136.8637841592,wNXM,BNT,0.11039586238075862,0.717384450907658
11910000,1614038768,47164.39972304137,424073.8610739036,197136.8637841592,wNXM,BNT,0.11121741765362426,0.7173978400007689
11911000,1614052613,47450.01612304137,421546.75497708493,197136.8637841592,wNXM,BNT,0.1125616922982143,0.717419561626365
11912000,1614066081,47431.13637592966,421797.0308974412,197136.8637841592,wNXM,BNT,0.1124501428447997,0.7174897165511605
11913000,1614079671,47431.13637592966,421797.0308974412,197136.8637841592,wNXM,BNT,0.1124501428447997,0.7174897165511605
11914000,1614092734,46724.724392977994,428514.6050073984,197136.8637841592,wNXM,BNT,0.10903881418970837,0.7177750288112659
11915000,1614105044,46970.32037141109,426368.50346607977,197136.8637841592,wNXM,BNT,0.11016367294857621,0.717854580068789
11916000,1614118064,47818.58170596917,418880.28657894,197136.8637841592,wNXM,BNT,0.11415810969886149,0.7179190264595884
11917000,1614131789,48912.93022035786,445377.68561441277,205565.03215432403,wNXM,BNT,0.10982348644809385,0.718003939282918
11918000,1614144701,49315.21522035786,441780.8834136671,205565.03215432403,wNXM,BNT,0.11162822356480495,0.7180334648372744
11919000,1614158755,56100.36919983767,502564.3820916761,233848.19769930618,wNXM,BNT,0.11162822356480492,0.7180334648372745
11920000,1614171899,57050.82946799549,494724.5656699936,233955.0632739393,wNXM,BNT,0.11531836788968207,0.7180923015469093
11921000,1614185477,57460.82946799549,491229.8597448503,233955.0632739393,wNXM,BNT,0.11697340527679083,0.7181181042001687
11922000,1614198960,57631.74710898549,489787.5947695037,233955.0632739393,wNXM,BNT,0.11766681664550377,0.7181287843574821
11923000,1614211964,63021.74710898549,530089.6923585404,254510.82641748947,wNXM,BNT,0.1188888371486368,0.7181474750828671
11924000,1614225205,62725.43617847581,533296.7916713869,254671.8461147672,wNXM,BNT,0.11761825152161558,0.718166915137299
11925000,1614238568,63965.55430761457,571956.2436867375,266248.1618462456,wNXM,BNT,0.11183644730461013,0.7184025552262042
11926000,1614251639,64281.40360761457,569174.0166448576,266248.1618462456,wNXM,BNT,0.11293805010028007,0.7184202916583871
11927000,1614264731,64281.40360761457,569174.0166448576,266248.1618462456,wNXM,BNT,0.11293805010028007,0.7184202916583871
11928000,1614278463,64642.13430192864,566029.5450858228,266248.1618462456,wNXM,BNT,0.11420275648707956,0.7184404493245535
11929000,1614291732,64642.13430192864,566029.5450858228,266248.1618462456,wNXM,BNT,0.11420275648707956,0.7184404493245535
11930000,1614304874,64642.13430192864,566029.5450858228,266248.1618462456,wNXM,BNT,0.11420275648707956,0.7184404493245535
11931000,1614318381,60028.49890975605,521312.07531468896,246216.17923503346,wNXM,BNT,0.11514887483379312,0.718473983133735
11932000,1614331548,61169.59507314092,511684.1407750437,246216.17923503346,wNXM,BNT,0.11954561456700191,0.7185420578237304
11933000,1614344326,61169.59507314092,511684.1407750437,246216.17923503346,wNXM,BNT,0.11954561456700191,0.7185420578237304
11934000,1614357856,61446.887283580014,509435.64864941925,246216.17923503346,wNXM,BNT,0.12061756464527713,0.7185847930737047
11935000,1614371248,61503.50453158001,509905.04336955404,246443.04316740847,wNXM,BNT,0.1206175646452771,0.718584793073705
11936000,1614383915,64972.057104936044,538661.6559206088,260341.44876354974,wNXM,BNT,0.1206175646452771,0.7185847930737048
11937000,1614397331,64904.753235550466,539225.8765307266,260341.44876354974,wNXM,BNT,0.12036654036919539,0.7185885564684465
11938000,1614410833,64345.707445465174,543958.3418117397,260341.44876354974,wNXM,BNT,0.11829160893305095,0.7186199890725838
11939000,1614424280,64650.70744546517,546536.7157365768,261575.47267944476,wNXM,BNT,0.11829160893305093,0.7186199890725835
11940000,1614437665,64790.70744546516,547720.2316365021,262141.9098867408,wNXM,BNT,0.1182916089330509,0.7186199890725836
11941000,1614451357,64984.3000790783,549356.8027792848,262925.1818205758,wNXM,BNT,0.11829160893305085,0.7186199890725841
11942000,1614464345,64984.3000790783,549356.8027792848,262925.1818205758,wNXM,BNT,0.11829160893305085,0.7186199890725841
11943000,1614477321,70433.88904566619,595813.931083867,285066.48247371166,wNXM,BNT,0.11821457232048488,0.7186211655185933
11944000,1614490383,70433.88904566619,595813.931083867,285066.48247371166,wNXM,BNT,0.11821457232048488,0.7186211655185933
11945000,1614504351,70433.88904566619,607302.6334049272,287787.8614616795,wNXM,BNT,0.11597823749053866,0.7186558159857986
11946000,1614517674,70433.88904566619,607302.6334049272,287787.8614616795,wNXM,BNT,0.11597823749053866,0.7186558159857986
11947000,1614530985,70504.5972807424,607912.3015341051,288076.77028151084,wNXM,BNT,0.11597823749053868,0.7186558159857985
11948000,1614544545,70504.5972807424,607912.3015341051,288076.77028151084,wNXM,BNT,0.11597823749053868,0.7186558159857985
11949000,1614557402,69088.25144425238,620597.2240047337,288076.77028151084,wNXM,BNT,0.11132542778458415,0.7187846195291214
11950000,1614570595,69932.35379672205,613181.0666167267,288076.77028151084,wNXM,BNT,0.11404845583797808,0.7188283581539199
11951000,1614583808,70247.35933467287,615943.0990847358,289374.3925273948,wNXM,BNT,0.11404845583797811,0.71882835815392
11952000,1614597137,72612.8074335281,628917.536936339,297279.4242187901,wNXM,BNT,0.11545680183645156,0.7188505600205326
11953000,1614610422,73740.11426918431,627781.1692486472,299294.4212693054,wNXM,BNT,0.1174614943570852,0.7188816922570541
11954000,1614624354,73740.11426918431,627781.1692486472,299294.4212693054,wNXM,BNT,0.1174614943570852,0.7188816922570541
11955000,1614637089,73666.0378889873,611310.2895146835,295166.66089078074,wNXM,BNT,0.12050514959836588,0.7189475476266463
11956000,1614650721,73133.45561313778,616057.5411874756,295215.8065941511,wNXM,BNT,0.11871205321530537,0.7190003129676156
11957000,1614664025,73973.76148009594,617509.691416871,297249.91639494273,wNXM,BNT,0.1197936850357178,0.7190167358615279
11958000,1614676980,73973.76148009594,617509.691416871,297249.91639494273,wNXM,BNT,0.1197936850357178,0.7190167358615279
11959000,1614690945,75389.33061382067,629326.4172593284,302938.11986373836,wNXM,BNT,0.11979368503571775,0.7190167358615278
11960000,1614703648,74287.32604646625,638757.3107053956,302938.11986373836,wNXM,BNT,0.1162997664393522,0.7190703463779717
11961000,1614716845,83613.76428895238,718151.707347947,340742.20677608834,wNXM,BNT,0.116429110219244,0.7191525998292054
11962000,1614729832,83939.76428895238,720951.6943905872,342070.7196154951,wNXM,BNT,0.116429110219244,0.7191525998292055
11963000,1614743952,84008.85523702054,720364.6952751145,342070.7196154951,wNXM,BNT,0.11661989515593447,0.7191555595011265
11964000,1614757557,85008.85523702056,728939.5614989509,346142.5608356901,wNXM,BNT,0.11661989515593454,0.7191555595011265
11965000,1614770881,86116.71293779425,719655.3708374673,346142.5608356901,wNXM,BNT,0.11966382302904197,0.7192021969280243
11966000,1614783673,90889.73921038423,731210.2054232456,358414.80738512886,wNXM,BNT,0.1243004248795661,0.7192710937822535
11967000,1614796767,96440.04893548184,689537.7121364895,358414.80738512886,wNXM,BNT,0.1398618918705235,0.7194850581875204
11968000,1614810639,96440.04893548184,689537.7121364895,358414.80738512886,wNXM,BNT,0.1398618918705235,0.7194850581875204
11969000,1614823926,97837.42722939436,680377.9619714745,358414.80738512886,wNXM,BNT,0.14379864236916054,0.71984946679009
11970000,1614837041,104321.39733399103,711597.7491933036,378478.42339722445,wNXM,BNT,0.14660164039621265,0.7198845529697582
11971000,1614849959,104617.66333399105,713618.6406321669,379553.27756378835,wNXM,BNT,0.14660164039621268,0.7198845529697582
11972000,1614863683,104856.81974054627,712138.3940298959,379553.27756378835,wNXM,BNT,0.14724219424145293,0.7199590499144641
11973000,1614876823,108789.07758796628,699498.9542469142,383105.5888418164,wNXM,BNT,0.15552428910360475,0.7200583556570394
11974000,1614890372,109197.1217757923,708897.7737573604,386384.0754810865,wNXM,BNT,0.15403789632039103,0.720075745841507
11975000,1614903564,109111.44838796863,710470.9542183904,386589.1847092503,wNXM,BNT,0.1535762267832684,0.720209132791465
11976000,1614916853,107411.84673762607,721827.6206221565,386589.1847092503,wNXM,BNT,0.14880539850365634,0.7202663738714259
11977000,1614929731,118038.64389105566,787002.5538443018,423131.69254761684,wNXM,BNT,0.14998508367535496,0.7203185868939721
11978000,1614943387,118282.44061962141,785457.3391852508,423131.69254761684,wNXM,BNT,0.15059053460792018,0.7203538545367847
11979000,1614956279,117660.54913899816,789657.7760995893,423131.69254761684,wNXM,BNT,0.14900195084529777,0.720376170917423
11980000,1614969359,117878.12816031677,788214.8041157787,423131.69254761684,wNXM,BNT,0.1495507665484065,0.7203828315194174
11981000,1614982621,117817.14275445137,788711.6737086728,423131.69254761684,wNXM,BNT,0.14937923030916062,0.7204234194079386
11982000,1614996100,119051.7631826629,780744.9900076204,423167.40761375875,wNXM,BNT,0.15248482501501662,0.7204607203926738
11983000,1615009401,121593.63659658305,779769.6973228231,427369.81340879167,wNXM,BNT,0.1559353191256976,0.7205012813925915
11984000,1615022220,124037.96643315567,765302.1234142841,427579.3494435473,wNXM,BNT,0.162077123057987,0.7205714581924083
11985000,1615035589,124154.11652573339,766651.1540722492,428128.397406607,wNXM,BNT,0.16194342872408057,0.7206185270723819
11986000,1615048436,125715.93492311076,764605.1193555531,430221.15416624286,wNXM,BNT,0.164419426107257,0.7206460399217645
11987000,1615061973,127145.68668374076,756092.764470925,430221.15416624286,wNXM,BNT,0.16816149110051437,0.7206868467479967
11988000,1615075234,130684.33633169264,795588.4159341442,447342.9528394701,wNXM,BNT,0.1642612357273314,0.7208010219531653
11989000,1615088382,131811.19078651635,788854.7199508268,447342.9528394701,wNXM,BNT,0.167091845244626,0.7208319961936471
11990000,1615102076,134177.61821024638,795449.6583665897,453212.6141904435,wNXM,BNT,0.1686814706612263,0.7208491655229944
11991000,1615115515,135809.4864171136,808646.7264470034,459722.01493106794,wNXM,BNT,0.16794662239446312,0.7208570800176738
11992000,1615128585,147074.77641711364,875723.3359041483,497855.5942134223,wNXM,BNT,0.16794662239446317,0.7208570800176736
11993000,1615142539,147074.77641711364,875723.3359041483,497855.5942134223,wNXM,BNT,0.16794662239446317,0.7208570800176736
11994000,1615155228,145124.00801805433,887614.7240576115,497855.5942134223,wNXM,BNT,0.16349887410005934,0.7209057500234107
11995000,1615168649,145284.81749540655,886642.086353939,497855.5942134223,wNXM,BNT,0.16385959986723464,0.7209097441301516
11996000,1615181560,146114.82294240655,881655.8234294573,497855.5942134223,wNXM,BNT,0.16572773531291424,0.7209303131176567
11997000,1615195306,146462.7673094065,879582.2622698521,497855.5942134223,wNXM,BNT,0.16651400737828018,0.7209388968514309
11998000,1615208195,146462.7673094065,879582.2622698521,497855.5942134223,wNXM,BNT,0.16651400737828018,0.7209388968514309
11999000,1615222193,146395.42804461188,880028.3791509925,497855.5942134223,wNXM,BNT,0.166353076233572,0.720955906497522
12000000,1615234816,156910.81328557926,900888.6608379289,521438.37588999054,wNXM,BNT,0.17417336914823012,0.7210394164672769
12001000,1615248474,155067.27900036852,911748.4482027427,521438.37588999054,wNXM,BNT,0.17007682251177977,0.7210985281554422
12002000,1615261906,155687.15988270837,908154.5168739673,521438.37588999054,wNXM,BNT,0.1714324566909735,0.7211129274823631
12003000,1615275372,170687.15988270837,995652.5338162272,571677.4299278605,wNXM,BNT,0.17143245669097346,0.7211129274823629
12004000,1615288663,170737.65781082568,995947.0983875578,571846.5611371596,wNXM,BNT,0.17143245669097346,0.721112927482363
12005000,1615302431,171004.13737683467,994571.3503653171,571846.5611371596,wNXM,BNT,0.17193752596434933,0.7211768340277881
12006000,1615315501,172042.01231150355,988695.8860236313,571846.5611371596,wNXM,BNT,0.174009030222051,0.7212222336942188
12007000,1615328768,171863.59740292947,989732.6484282925,571846.5611371596,wNXM,BNT,0.1736464869334673,0.7212260150330855
12008000,1615342578,171861.78994864333,989743.1624952753,571846.5611371596,wNXM,BNT,0.17364281609721527,0.7212260533415037
12009000,1615355495,171279.79664298135,993140.3074028863,571846.5611371596,wNXM,BNT,0.1724628387008951,0.7212384307363848
12010000,1615368545,171575.56148674828,991480.6597884577,571846.5611371596,wNXM,BNT,0.17304983187806774,0.7212574700760173
12011000,1615382097,172213.9578107362,995169.7493244574,573974.2810720486,wNXM,BNT,0.17304983187806777,0.721257470076017
12012000,1615395383,172213.9578107362,995169.7493244574,573974.2810720486,wNXM,BNT,0.17304983187806777,0.721257470076017
12013000,1615408718,173420.33581012522,988316.0880854414,573974.2810720486,wNXM,BNT,0.17547051788469195,0.7212826924129263
12014000,1615421586,172300.37525993513,994805.505168748,573974.2810720486,wNXM,BNT,0.17320006208721972,0.7213063722227042
12015000,1615435289,172300.37525993513,994805.505168748,573974.2810720486,wNXM,BNT,0.17320006208721972,0.7213063722227042
12016000,1615448752,172600.37525993507,993093.7056747425,573974.2810720486,wNXM,BNT,0.17380069400667922,0.721312651691609
12017000,1615462011,172623.6542599351,993227.6464517516,574051.6942715793,wNXM,BNT,0.17380069400667927,0.7213126516916091
12018000,1615475298,172623.6542599351,993227.6464517516,574051.6942715793,wNXM,BNT,0.17380069400667927,0.7213126516916091
12019000,1615488663,172623.6542599351,993227.6464517516,574051.6942715793,wNXM,BNT,0.17380069400667927,0.7213126516916091
12020000,1615502438,172401.68697406686,994519.3614838478,574051.6942715793,wNXM,BNT,0.17335176533601038,0.7213173420934973
12021000,1615515701,172623.6542599351,995799.8058187406,574790.786207174,wNXM,BNT,0.17335176533601046,0.7213173420934978
12022000,1615528853,172623.6542599351,995799.8058187406,574790.786207174,wNXM,BNT,0.17335176533601046,0.7213173420934978
12023000,1615542956,172623.6542599351,995799.8058187406,574790.786207174,wNXM,BNT,0.17335176533601046,0.7213173420934978
12024000,1615556647,170867.33598895115,1006139.5430248907,574790.786207174,wNXM,BNT,0.16982468999801958,0.721354649270279
12025000,1615570022,171748.1991889512,1001030.8514130793,574790.786207174,wNXM,BNT,0.17157133463619756,0.7213732428350444
12026000,1615582909,172263.47921228892,1004034.1504456968,576515.2771254474,wNXM,BNT,0.1715713346361975,0.7213732428350443
12027000,1615595793,172263.47921228892,1004034.1504456968,576515.2771254474,wNXM,BNT,0.1715713346361975,0.7213732428350443
12028000,1615609740,172263.47921228892,1004034.1504456968,576515.2771254474,wNXM,BNT,0.1715713346361975,0.7213732428350443
12029000,1615622996,172263.47921228892,1004034.1504456968,576515.2771254474,wNXM,BNT,0.1715713346361975,0.7213732428350443
12030000,1615635600,170772.29538162207,1012940.7375984697,576515.2771254474,wNXM,BNT,0.16859060855474875,0.7214228711137588
12031000,1615648761,170111.58317533456,1016914.8882426227,576515.2771254474,wNXM,BNT,0.16728202639388257,0.7214370230524698
12032000,1615662018,170111.58317533456,1016914.8882426227,576515.2771254474,wNXM,BNT,0.16728202639388257,0.7214370230524698
12033000,1615675580,168837.30033554722,1024667.8803473369,576515.2771254474,wNXM,BNT,0.1647727069168164,0.7214644577828524
12034000,1615688954,168837.30033554722,1024667.8803473369,576515.2771254474,wNXM,BNT,0.1647727069168164,0.7214644577828524
12035000,1615702536,168440.63223342298,1027244.1275319696,576515.2771254474,wNXM,BNT,0.16397332213338042,0.7215217791892479
12036000,1615715729,168440.63223342298,1027244.1275319696,576515.2771254474,wNXM,BNT,0.16397332213338042,0.7215217791892479
12037000,1615729322,168551.87352392325,1051314.2765538837,583383.3758327286,wNXM,BNT,0.16032491642406071,0.7215709224851706
12038000,1615742491,168055.67655291545,1054527.335223167,583383.3758327286,wNXM,BNT,0.15936587980182634,0.7216082088345191
12039000,1615755782,168658.3366193229,1050796.8851030567,583383.3758327286,wNXM,BNT,0.16050517374990292,0.7216211368063532
12040000,1615768387,169792.31391932286,1043849.043326896,583383.3758327286,wNXM,BNT,0.16265983573464846,0.7216453423945907
12041000,1615782326,170149.24005485105,1041681.2219180892,583383.3758327286,wNXM,BNT,0.16334098808227382,0.7216529233999575
12042000,1615796022,171024.24005485105,1036404.9477166948,583383.3758327286,wNXM,BNT,0.16501681165420407,0.7216714494520614
12043000,1615808905,170816.0500528092,1037834.2861358371,583383.3758327286,wNXM,BNT,0.16458894481970499,0.7217292312104768
12044000,1615822427,173126.8988423234,1024301.2188600849,583383.3758327286,wNXM,BNT,0.16901951853087835,0.7218418715452279
12045000,1615835686,173126.8988423234,1024301.2188600849,583383.3758327286,wNXM,BNT,0.16901951853087835,0.7218418715452279
12046000,1615848800,173126.8988423234,1024301.2188600849,583383.3758327286,wNXM,BNT,0.16901951853087835,0.7218418715452279
12047000,1615861860,171953.14418572042,1031378.714269416,583383.3758327286,wNXM,BNT,0.1667216336799471,0.721871828446956
12048000,1615875416,172290.747686524,1029512.022588275,583383.3758327286,wNXM,BNT,0.16735185593400975,0.721925928214316
12049000,1615889187,171645.86962727606,1033419.1444198228,583383.3758327286,wNXM,BNT,0.1660951130566104,0.7219396270625651
12050000,1615902597,171122.10802860113,1035475.2544335356,583064.4082315599,wNXM,BNT,0.16525948572495316,0.721948787555202
12051000,1615915827,169846.7746519154,1043329.2902084047,583064.4082315599,wNXM,BNT,0.16279306662423765,0.7219760985473249
12052000,1615928342,169846.7746519154,1043329.2902084047,583064.4082315599,wNXM,BNT,0.16279306662423765,0.7219760985473249
12053000,1615942013,170527.6619568029,1039254.2895227816,583064.4082315599,wNXM,BNT,0.16408656060020502,0.7220076512989418
12054000,1615955255,170527.6619568029,1039254.2895227816,583064.4082315599,wNXM,BNT,0.16408656060020502,0.7220076512989418
12055000,1615968481,170527.6619568029,1039254.2895227816,583064.4082315599,wNXM,BNT,0.16408656060020502,0.7220076512989418
12056000,1615981768,169633.89192755608,1044785.499622236,583064.4082315599,wNXM,BNT,0.16236241026401185,0.7220268527197128
12057000,1615995062,169633.89192755608,1044785.499622236,583064.4082315599,wNXM,BNT,0.16236241026401185,0.7220268527197128
12058000,1616008567,169633.89192755608,1044785.499622236,583064.4082315599,wNXM,BNT,0.16236241026401185,0.7220268527197128
12059000,1616021639,172828.8919275561,1064463.6997352098,594046.2395338529,wNXM,BNT,0.1623624102640119,0.7220268527197128
12060000,1616035126,172828.8919275561,1064463.6997352098,594046.2395338529,wNXM,BNT,0.1623624102640119,0.7220268527197128
12061000,1616048665,172922.74011307792,1063891.7737592417,594046.2395338529,wNXM,BNT,0.16253790505594254,0.7220288130637641
12062000,1616062109,175077.77222915812,1084114.135115479,603378.759939235,wNXM,BNT,0.16149385618932915,0.7220428824141013
12063000,1616075002,175878.33194979327,1079228.7957036109,603378.759939235,wNXM,BNT,0.1629666782891279,0.7220593784450691
12064000,1616088354,175878.33194979327,1079228.7957036109,603378.759939235,wNXM,BNT,0.1629666782891279,0.7220593784450691
12065000,1616101256,175878.33194979327,1079228.7957036109,603378.759939235,wNXM,BNT,0.1629666782891279,0.7220593784450691
12066000,1616114694,176806.2319497933,1073621.5146445388,603378.759939235,wNXM,BNT,0.16468208725151284,0.7220784254207001
12067000,1616127809,177670.8372803579,1068551.4483456307,603378.759939235,wNXM,BNT,0.16627260910593888,0.722130644177961
12068000,1616141059,177914.71728035784,1067101.358393017,603378.759939235,wNXM,BNT,0.1667271022391776,0.7221356003266414
12069000,1616154669,177573.50517666718,1070086.2952001095,603635.232210818,wNXM,BNT,0.1659431636244443,0.7221441618082125
12070000,1616167267,177573.50517666718,1070086.2952001095,603635.232210818,wNXM,BNT,0.1659431636244443,0.7221441618082125
12071000,1616180583,177573.50517666718,1070086.2952001095,603635.232210818,wNXM,BNT,0.1659431636244443,0.7221441618082125
12072000,1616194609,179037.38137531493,1061424.3660121984,603635.232210818,wNXM,BNT,0.16867653231662985,0.7221739271682943
12073000,1616207798,179851.24168727695,1056669.223170989,603635.232210818,wNXM,BNT,0.1702058106202395,0.7221903303031612
12074000,1616220533,181124.31262802114,1049316.3383134247,603635.232210818,wNXM,BNT,0.17261173395922133,0.7222158452334501
12075000,1616233930,181124.31262802114,1049316.3383134247,603635.232210818,wNXM,BNT,0.17261173395922133,0.7222158452334501
12076000,1616247636,181365.305051931,1047935.9832622283,603635.232210818,wNXM,BNT,0.1730690690545239,0.7222206498884867
12077000,1616260973,181365.305051931,1047935.9832622283,603635.232210818,wNXM,BNT,0.1730690690545239,0.7222206498884867
12078000,1616273897,181365.305051931,1047935.9832622283,603635.232210818,wNXM,BNT,0.1730690690545239,0.7222206498884867
12079000,1616286993,181365.305051931,1047935.9832622283,603635.232210818,wNXM,BNT,0.1730690690545239,0.7222206498884867
12080000,1616300628,182002.9071206496,1044350.3844412278,603635.232210818,wNXM,BNT,0.17427379721608371,0.7222502449100174
12081000,1616314784,182002.9071206496,1044350.3844412278,603635.232210818,wNXM,BNT,0.17427379721608371,0.7222502449100174
12082000,1616327845,183417.6071206496,1044291.7208692116,605947.7880132183,wNXM,BNT,0.1756382852178343,0.7222644256500608
12083000,1616341242,182686.63513066465,1048512.5537033261,605947.7880132183,wNXM,BNT,0.17423409427518916,0.7222790217946922
12084000,1616354204,182686.63513066465,1048512.5537033261,605947.7880132183,wNXM,BNT,0.17423409427518916,0.7222790217946922
12085000,1616367475,182686.63513066465,1048512.5537033261,605947.7880132183,wNXM,BNT,0.17423409427518916,0.7222790217946922
12086000,1616381123,182847.18953066465,1047601.0829208627,605947.7880132183,wNXM,BNT,0.17453894665788275,0.7222821956672667
12087000,1616394736,182847.18953066465,1047601.0829208627,605947.7880132183,wNXM,BNT,0.17453894665788275,0.7222821956672667
12088000,1616407743,182847.18953066465,1047601.0829208627,605947.7880132183,wNXM,BNT,0.17453894665788275,0.7222821956672667
12089000,1616421342,182847.18953066465,1047601.0829208627,605947.7880132183,wNXM,BNT,0.17453894665788275,0.7222821956672667
12090000,1616434506,181889.41181962442,1053173.402434507,605947.7880132183,wNXM,BNT,0.17270604384726235,0.7223013825589324
12091000,1616447432,178738.03377323906,1071977.2741620622,605947.7880132183,wNXM,BNT,0.16673677519232308,0.722380597741393
12092000,1616460872,179738.03377323903,1066072.8059805566,605947.7880132183,wNXM,BNT,0.16859827280550402,0.7224008052618314
12093000,1616474434,179738.03377323903,1066072.8059805566,605947.7880132183,wNXM,BNT,0.16859827280550402,0.7224008052618314
12094000,1616487561,180582.72848160382,1061148.4698826715,605947.7880132183,wNXM,BNT,0.1701766846081118,0.7224220230175169
12095000,1616500799,180582.72848160382,1061148.4698826715,605947.7880132183,wNXM,BNT,0.1701766846081118,0.7224220230175169
12096000,1616513755,180621.72848160376,1060921.6370272525,605947.7880132183,wNXM,BNT,0.17024983012667508,0.7224228031154787
12097000,1616527565,180754.18681346255,1060151.958417737,605947.7880132183,wNXM,BNT,0.1704983756132808,0.7224254520421822
12098000,1616540812,180754.18681346255,1060151.958417737,605947.7880132183,wNXM,BNT,0.1704983756132808,0.7224254520421822
12099000,1616554264,180880.88681346254,1059416.7893075955,605947.7880132183,wNXM,BNT,0.17073628494379545,0.7224279839653976
12100000,1616567660,181345.01724441827,1056795.7947707311,605947.7880132183,wNXM,BNT,0.17159892019040496,0.7224589030205969
12101000,1616581247,181345.01724441827,1056795.7947707311,605947.7880132183,wNXM,BNT,0.17159892019040496,0.7224589030205969
12102000,1616594822,181602.509579632,1055312.3590544914,605947.7880132183,wNXM,BNT,0.17208413037286802,0.7224640321102325
12103000,1616607811,181602.509579632,1055312.3590544914,605947.7880132183,wNXM,BNT,0.17208413037286802,0.7224640321102325
12104000,1616621243,181137.45373617284,1058049.227609321,605947.7880132183,wNXM,BNT,0.17119945746329382,0.7224734003141338
12105000,1616633731,180651.52329706083,1060924.0760666726,605947.7880132183,wNXM,BNT,0.17027752256016102,0.7224832154880297
12106000,1616647475,180651.52329706083,1060924.0760666726,605947.7880132183,wNXM,BNT,0.17027752256016102,0.7224832154880297
12107000,1616660403,180651.52329706083,1060924.0760666726,605947.7880132183,wNXM,BNT,0.17027752256016102,0.7224832154880297
12108000,1616674114,180172.79417391695,1063771.5607800013,605947.7880132183,wNXM,BNT,0.1693716967219981,0.7224929110268259
12109000,1616687704,178832.02442265095,1071828.017588482,605947.7880132183,wNXM,BNT,0.16684768590487786,0.7225202019897897
12110000,1616700664,178832.02442265095,1071828.017588482,605947.7880132183,wNXM,BNT,0.16684768590487786,0.7225202019897897
12111000,1616713608,177696.24139116923,1078848.1492552697,605947.7880132183,wNXM,BNT,0.16470922391981965,0.7225769055757416
12112000,1616727069,177696.24139116923,1078848.1492552697,605947.7880132183,wNXM,BNT,0.16470922391981965,0.7225769055757416
12113000,1616739941,177633.66414284887,1078468.2236698584,605734.3983269603,wNXM,BNT,0.16470922391981965,0.7225769055757418
12114000,1616753457,179300.31515984892,1088586.9709830715,611417.71210577,wNXM,BNT,0.16470922391981963,0.722576905575742
12115000,1616766845,177265.12935866098,1101212.356850325,611417.71210577,wNXM,BNT,0.1609727027270859,0.7226186705047551
12116000,1616779887,175932.40357549334,1109639.022021061,611417.71210577,wNXM,BNT,0.1585492219398122,0.722646265823404
12117000,1616792832,173687.09723020572,1124129.771727071,611417.71210577,wNXM,BNT,0.15450804844654134,0.7226932324661226
12118000,1616806015,174597.73118085263,1118417.5940795916,611417.71210577,wNXM,BNT,0.15611139533667553,0.722741974036942
12119000,1616819146,175399.24855277443,1117784.1246912065,612638.0010806731,wNXM,BNT,0.15691692579837754,0.7227513322129651
12120000,1616832819,175832.5966027888,1115084.117022491,612638.0010806731,wNXM,BNT,0.15768550006101673,0.7227691008642678
12121000,1616847213,175832.5966027888,1115084.117022491,612638.0010806731,wNXM,BNT,0.15768550006101673,0.7227691008642678
12122000,1616860253,176102.48750980923,1113421.5188189885,612638.0010806731,wNXM,BNT,0.15816335909925827,0.722784147114781
12123000,1616873317,176102.48750980923,1113421.5188189885,612638.0010806731,wNXM,BNT,0.15816335909925827,0.722784147114781
12124000,1616886218,176094.18907337138,1113474.5188189882,612638.0010806731,wNXM,BNT,0.1581483779800785,0.7227843191410739
12125000,1616899472,176094.18907337138,1113474.5188189882,612638.0010806731,wNXM,BNT,0.1581483779800785,0.7227843191410739
12126000,1616913153,176354.60288589902,1111846.750116304,612638.0010806731,wNXM,BNT,0.15861412813182352,0.7227896635060784
12127000,1616925873,176354.60288589902,1111846.750116304,612638.0010806731,wNXM,BNT,0.15861412813182352,0.7227896635060784
12128000,1616939693,176337.83350048788,1113150.9073724367,612966.0993658643,wNXM,BNT,0.15841323250297543,0.7227919658540137
12129000,1616952661,175477.50432809076,1118663.7826615912,612966.0993658643,wNXM,BNT,0.1568634893234715,0.7228098418699044
12130000,1616965898,175052.16259480544,1121409.435086036,612966.0993658643,wNXM,BNT,0.15610013356216787,0.7228187121508959
12131000,1616979204,175052.16259480544,1121409.435086036,612966.0993658643,wNXM,BNT,0.15610013356216787,0.7228187121508959
12132000,1616992612,177192.02187820917,1108167.603989069,612966.0993658643,wNXM,BNT,0.15989641029061974,0.7229168552237816
12133000,1617005829,177501.17741850318,1106256.791292072,612966.0993658643,wNXM,BNT,0.16045205671568133,0.7229231593244966
12134000,1617018994,177501.17741850318,1106256.791292072,612966.0993658643,wNXM,BNT,0.16045205671568133,0.7229231593244966
12135000,1617032146,193206.43206279722,1208211.1308732845,668322.2414731344,wNXM,BNT,0.15991115056451208,0.7229300742024093
12136000,1617045724,240207.41180665005,1508783.5135459395,832732.5664482976,wNXM,BNT,0.15920601574053203,0.7229381068754224
12137000,1617059002,240495.42014589536,1507060.0521097113,832732.5664482976,wNXM,BNT,0.15957918850627706,0.7229581115673329
12138000,1617072527,239439.4914136327,1513773.550633345,832732.5664482976,wNXM,BNT,0.15817391664258768,0.7229741972418079
12139000,1617085455,239601.67418050978,1512840.3374300334,832732.5664482976,wNXM,BNT,0.1583786922204479,0.7229960468132182
12140000,1617099055,240273.54897473994,1508652.269546011,832732.5664482976,wNXM,BNT,0.15926370431739312,0.7230061766078132
12141000,1617112359,238994.052632584,1516811.0220118733,832732.5664482976,wNXM,BNT,0.15756349945004106,0.7230257013375955
12142000,1617125858,243192.60423650095,1547359.973827027,848052.2396807465,wNXM,BNT,0.15716614643651525,0.7233496165167465
12143000,1617138376,234061.23977286296,1619551.1185871772,850771.2025878072,wNXM,BNT,0.14452229206389444,0.7236845476160225
12144000,1617151442,224665.96773978512,1700486.8007787212,853760.9638181428,wNXM,BNT,0.13211861899598487,0.7239673560903699
12145000,1617165393,212354.83597918693,1717618.3421366678,833936.7258333412,wNXM,BNT,0.12363330710303409,0.7242046553596232
12146000,1617178635,219790.25836380766,1792680.0001767532,866514.7304439961,wNXM,BNT,0.1226042898577197,0.724402026339798
12147000,1617192122,220242.81668073856,1793254.1955078982,867432.8000134729,wNXM,BNT,0.12281739935835467,0.7244959534015681
12148000,1617205755,215973.21798024623,1812859.2506685853,863542.9278984206,wNXM,BNT,0.11913402427717153,0.7245995522640397
12149000,1617218416,218573.4683374958,1806102.2000604519,867032.1225686808,wNXM,BNT,0.12101943529562167,0.7246606759998511
12150000,1617231494,221667.45520478245,1781300.6394306114,867032.1225686808,wNXM,BNT,0.12444134937022082,0.7247436047367399
12151000,1617244892,226470.89818991878,1811906.9410884448,883724.7382811889,wNXM,BNT,0.1249903585301537,0.7248650045750054
12152000,1617258592,227762.82995703866,1779426.0941259214,878133.0853741836,wNXM,BNT,0.1279979150069275,0.7249717141475229
12153000,1617271890,225287.79393147488,1799234.3631582516,878133.0853741836,wNXM,BNT,0.12521314540481557,0.7250239604917773
12154000,1617285487,220543.70890008326,1838370.6513134246,878133.0853741836,wNXM,BNT,0.11996694395796394,0.7251094007726986
12155000,1617298914,220964.67035087323,1834903.380534411,878133.0853741836,wNXM,BNT,0.12042305480221953,0.7251163209802686
12156000,1617311813,224175.57017374295,1903489.822864387,900818.7172606312,wNXM,BNT,0.11777082676302504,0.7251569600868999
12157000,1617324862,224210.78567374294,1903193.8423556925,900818.7172606312,wNXM,BNT,0.11780764559232934,0.7251575296573236
12158000,1617338231,224905.8869273987,1900025.9753782754,901452.0241838177,wNXM,BNT,0.11836990117075756,0.7251662151590934
12159000,1617351842,225695.99792739868,1893440.8716992512,901452.0241838177,wNXM,BNT,0.11919886239956881,0.725178942307143
12160000,1617365592,227578.64537626752,1877933.461471932,901452.0241838177,wNXM,BNT,0.12118568098674297,0.725209084821976
12161000,1617379022,228987.16115470516,1866783.8268103248,901452.0241838177,wNXM,BNT,0.12266399454829403,0.7252871165769659
12162000,1617391685,229188.22020303973,1865184.7177409197,901452.0241838177,wNXM,BNT,0.12287695584415287,0.725294613248411
12163000,1617404800,229787.79122891385,1860858.418380969,901452.0241838177,wNXM,BNT,0.12348483310666893,0.7253999524996063
12164000,1617418094,228429.38867692224,1872185.658685389,901452.0241838177,wNXM,BNT,0.12201214533248843,0.7254505721468774
12165000,1617431106,228862.97367692218,1868674.2383375643,901452.0241838177,wNXM,BNT,0.12247344613715358,0.7254574570533151
12166000,1617444930,231266.16547692224,1853663.0471720682,902483.5073132744,wNXM,BNT,0.12476170673507239,0.7254912384594117
12167000,1617458370,233256.95087692223,1838000.221363582,902483.5073132744,wNXM,BNT,0.12690801021986425,0.72552236202398
12168000,1617471461,234225.7887615166,1830917.2910145358,902483.5073132744,wNXM,BNT,0.12792811008504318,0.7256253459093569
12169000,1617484912,234225.7887615166,1830917.2910145358,902483.5073132744,wNXM,BNT,0.12792811008504318,0.7256253459093569
12170000,1617497679,234336.27330119637,1831780.9365386227,902909.2096896066,wNXM,BNT,0.12792811008504315,0.7256253459093571
12171000,1617511290,234771.43949384612,1828928.3423146508,903035.4594446836,wNXM,BNT,0.12836557565548173,0.725631575196009
12172000,1617524192,234594.41669849967,1830322.385822841,903035.4594446836,wNXM,BNT,0.12817109079558967,0.7256343406407662
12173000,1617538056,235522.64392264068,1824886.9573322174,903035.4594446836,wNXM,BNT,0.1290614977417279,0.7259881192265821
12174000,1617550818,232036.83104520725,1852580.9337645988,903035.4594446836,wNXM,BNT,0.12525057708204362,0.7260428515181493
12175000,1617563700,232483.51355757267,1856147.244777065,904773.8478977703,wNXM,BNT,0.12525057708204362,0.7260428515181493
12176000,1617576828,232745.44659957272,1854079.215355591,904773.8478977703,wNXM,BNT,0.12553155478577266,0.726046941573271
12177000,1617589945,233729.03789765268,1847628.6976767168,905087.510628856,wNXM,BNT,0.12650216907301398,0.7260610062222491
12178000,1617603757,234729.03789765274,1855533.70047096,908959.8900249717,wNXM,BNT,0.12650216907301404,0.7260610062222492
12179000,1617616703,235412.93889765276,1850197.072222591,908959.8900249717,wNXM,BNT,0.1272366832873958,0.7260715833164991
12180000,1617630151,236158.1958976527,1844416.6500291964,908959.8900249717,wNXM,BNT,0.128039505549852,0.7260830672725757
12181000,1617643647,239705.74876766434,1818514.9220640997,909233.0379400215,wNXM,BNT,0.13181401255458883,0.7261434955027916
12182000,1617656884,239871.5143905231,1817452.338291848,909233.0379400215,wNXM,BNT,0.13198228604771495,0.7261822777380734
12183000,1617669897,239871.5143905231,1817452.338291848,909233.0379400215,wNXM,BNT,0.13198228604771495,0.7261822777380734
12184000,1617683681,239525.25346295902,1820188.1593494401,909233.0379400215,wNXM,BNT,0.13159367740781733,0.7262039197955145
12185000,1617697097,238020.60074474462,1831811.2407527422,909233.0379400215,wNXM,BNT,0.12993729673093138,0.7262270571543352
12186000,1617710007,238020.60074474462,1831811.2407527422,909233.0379400215,wNXM,BNT,0.12993729673093138,0.7262270571543352
12187000,1617723173,238935.67706462322,1821034.139933199,908129.531006374,wNXM,BNT,0.13120878506615374,0.7263597097044647
12188000,1617736185,238935.67706462322,1821034.139933199,908129.531006374,wNXM,BNT,0.13120878506615374,0.7263597097044647
12189000,1617749591,238843.6972773219,1821848.5961370687,908129.531006374,wNXM,BNT,0.13109964120166231,0.7263822703899884
12190000,1617762714,239032.40367732194,1820424.7032263735,908129.531006374,wNXM,BNT,0.13130584486888155,0.7263851398965758
12191000,1617775753,239032.40367732194,1820424.7032263735,908129.531006374,wNXM,BNT,0.13130584486888155,0.7263851398965758
12192000,1617789475,240190.80967732193,1811732.7591936062,908129.531006374,wNXM,BNT,0.13257518718391434,0.7264027223974985
12193000,1617802798,239936.4314596936,1813990.335998004,908129.531006374,wNXM,BNT,0.1322699612551616,0.7264701658183681
12194000,1617816175,238711.5119168096,1823393.0252972848,908129.531006374,wNXM,BNT,0.13091610453971667,0.7264889748186178
12195000,1617829118,242920.10039941277,1804651.152213004,911289.2919822574,wNXM,BNT,0.13460778838144158,0.7265610135082039
12196000,1617842205,242472.53645524112,1808087.5927715225,911289.2919822574,wNXM,BNT,0.1341044191800286,0.7265821823144868
12197000,1617855865,242472.53645524112,1808087.5927715225,911289.2919822574,wNXM,BNT,0.1341044191800286,0.7265821823144868
12198000,1617869409,240368.5871366306,1825079.5206351911,911539.0221539674,wNXM,BNT,0.1317030761777295,0.7266152126698933
12199000,1617883043,239664.46596898505,1830495.786965732,911539.0221539674,wNXM,BNT,0.1309287176051128,0.7266259865181878
12200000,1617895961,239664.46596898505,1830495.786965732,911539.0221539674,wNXM,BNT,0.1309287176051128,0.7266259865181878
12201000,1617909299,238794.29509121174,1837233.773247731,911539.0221539674,wNXM,BNT,0.12997491041604803,0.7266393598100306
12202000,1617922578,238794.29509121174,1837233.773247731,911539.0221539674,wNXM,BNT,0.12997491041604803,0.7266393598100306
12203000,1617935829,238794.29509121174,1837233.773247731,911539.0221539674,wNXM,BNT,0.12997491041604803,0.7266393598100306
12204000,1617949347,237754.91844508843,1845346.877245384,911539.0221539674,wNXM,BNT,0.1288402312740214,0.7266553860959065
12205000,1617962716,237754.91844508843,1845346.877245384,911539.0221539674,wNXM,BNT,0.1288402312740214,0.7266553860959065
12206000,1617976422,237266.67388006614,1849186.5679622309,911539.0221539674,wNXM,BNT,0.12830867257570966,0.7266637086613502
12207000,1617989361,235050.97166247366,1866795.0819916562,911539.0221539674,wNXM,BNT,0.12591150144433702,0.7266981997492471
12208000,1618002651,235150.58166247368,1867586.1931995861,911925.3145455901,wNXM,BNT,0.12591150144433708,0.7266981997492471
12209000,1618015773,232102.044097575,1892382.1457171713,911925.3145455901,wNXM,BNT,0.12265072602955332,0.7267493163934948
12210000,1618029001,232102.044097575,1892382.1457171713,911925.3145455901,wNXM,BNT,0.12265072602955332,0.7267493163934948
12211000,1618042709,232559.83364249498,1888694.2791571696,911925.3145455901,wNXM,BNT,0.12313259811761323,0.7267564834264184
12212000,1618055656,233303.62074366622,1882773.959099431,911925.3145455901,wNXM,BNT,0.12391483301333744,0.7267759696471093
12213000,1618069143,233303.62074366622,1882773.959099431,911925.3145455901,wNXM,BNT,0.12391483301333744,0.7267759696471093
12214000,1618081973,233204.88373507257,1885766.2611379323,912397.1606139501,wNXM,BNT,0.12366584795845759,0.7268232748651783
12215000,1618095148,234226.52963507254,1879538.8527630302,912864.8436787683,wNXM,BNT,0.12461914755885257,0.7268373125219736
12216000,1618108685,234226.52963507254,1879538.8527630302,912864.8436787683,wNXM,BNT,0.12461914755885257,0.7268373125219736
12217000,1618122473,234726.95997791152,1875571.8040856654,912864.8436787683,wNXM,BNT,0.12514954610993423,0.7268450763541382
12218000,1618135759,234726.95997791152,1875571.8040856654,912864.8436787683,wNXM,BNT,0.12514954610993423,0.7268450763541382
12219000,1618149132,232450.29278943417,1894128.2237240768,912864.8436787683,wNXM,BNT,0.122721518996433,0.7268808957353301
12220000,1618161781,232450.29278943417,1894128.2237240768,912864.8436787683,wNXM,BNT,0.122721518996433,0.7268808957353301
12221000,1618174388,231313.2155243394,1903635.0960359606,912864.8436787683,wNXM,BNT,0.12151132115919436,0.726918283843577
12222000,1618187326,232064.3758713394,1897534.8606331209,912864.8436787683,wNXM,BNT,0.12229781949508432,0.7269300771519458
12223000,1618200508,231255.4714904645,1904239.4649613048,912864.8436787683,wNXM,BNT,0.12144243187143679,0.7269429138007255
12224000,1618213992,231173.89796790987,1904947.3279560856,912864.8436787683,wNXM,BNT,0.12135448291683112,0.72694976770757
12225000,1618227009,234575.67388885882,1877597.335405411,912864.8436787683,wNXM,BNT,0.12493396185940434,0.7270030529674609
12226000,1618240679,233936.47715019717,1879368.2113756712,911950.8605375063,wNXM,BNT,0.12447612752743059,0.7270821347491037
12227000,1618253975,233936.47715019717,1879368.2113756712,911950.8605375063,wNXM,BNT,0.12447612752743059,0.7270821347491037
12228000,1618266748,231900.96922554198,1896031.9934550768,911950.8605375063,wNXM,BNT,0.12230857391966074,0.7271142818364021
12229000,1618280268,231900.96922554198,1896031.9934550768,911950.8605375063,wNXM,BNT,0.12230857391966074,0.7271142818364021
12230000,1618293615,232100.96922554195,1894414.5321581394,911950.8605375063,wNXM,BNT,0.1225185751510942,0.7271174172813144
12231000,1618307078,232010.96675269803,1895323.3856370081,911950.8605375063,wNXM,BNT,0.12241233792127795,0.7271507895012752
12232000,1618320308,232298.55366216277,1893286.082799825,911950.8605375063,wNXM,BNT,0.12269596009422705,0.7272101579760379
12233000,1618333738,231443.44298234445,1900352.1002449796,911950.8605375063,wNXM,BNT,0.12178976882889674,0.7272237281167742
12234000,1618347015,230460.81392771666,1908790.7586657647,911950.8605375063,wNXM,BNT,0.1207365516002433,0.7272877456817615
12235000,1618360409,230419.4353646717,1909187.03538432,911950.8605375063,wNXM,BNT,0.12068981775705814,0.7272979355728055
12236000,1618373704,230473.41318574606,1908747.6932861495,911950.8605375063,wNXM,BNT,0.12074587646990528,0.7272994211065882
12237000,1618386999,230239.82361805483,1910703.7920575654,911950.8605375063,wNXM,BNT,0.12050000872721259,0.7273031478062046
12238000,1618400612,230240.09102938775,1905261.1941933008,910645.093000508,wNXM,BNT,0.12084437122379581,0.727308366391272
12239000,1618414031,230605.28887710054,1902706.7953013654,910645.093000508,wNXM,BNT,0.12119854170204689,0.7273968476780792
12240000,1618427325,229769.7593210985,1909695.9004593487,910645.093000508,wNXM,BNT,0.12031745958392163,0.7274102070837108
12241000,1618440629,229769.7593210985,1909695.9004593487,910645.093000508,wNXM,BNT,0.12031745958392163,0.7274102070837108
12242000,1618454280,228074.1058248152,1924080.759825054,910645.093000508,wNXM,BNT,0.11853665947241877,0.7274455425987604
12243000,1618467669,224698.88560447388,1953277.0209525467,910645.093000508,wNXM,BNT,0.11503687556560506,0.7275003858116208
12244000,1618481223,227026.0813729552,1933453.871176434,910645.093000508,wNXM,BNT,0.11741996266754395,0.727537916909449
12245000,1618494390,208156.01789386652,2107274.1495027803,908961.3107365454,wNXM,BNT,0.09877975200473169,0.7286342926318816
12246000,1618507547,211061.54169541324,2079074.4172248673,908961.3107365454,wNXM,BNT,0.10151706930102895,0.7287761847036616
12247000,1618520504,212255.1985933458,2025688.4166578746,899666.1587668286,wNXM,BNT,0.10478176053528487,0.7288431989850093
12248000,1618533802,215102.04276170878,2013541.3844609715,902888.7492965277,wNXM,BNT,0.10682772374171588,0.7289005971811563
12249000,1618547516,218066.9188005373,1986497.5990699718,902888.7492965277,wNXM,BNT,0.10977456952509318,0.7289616388521164
12250000,1618562162,217519.04253272,1991551.7604519026,902888.7492965277,wNXM,BNT,0.10922088335949792,0.7289709121236563
12251000,1618574773,217678.38366918397,1993010.6493709702,903550.1503294598,wNXM,BNT,0.10922088335949794,0.7289709121236558
12252000,1618588542,218887.5885906701,1982137.2200716287,903550.1503294598,wNXM,BNT,0.11043008847932341,0.7289960317221199
12253000,1618601170,219129.55646702542,1979970.3859571293,903550.1503294598,wNXM,BNT,0.11067314845777196,0.7290000610308468
12254000,1618614264,220088.36151202544,1971430.903663595,903550.1503294598,wNXM,BNT,0.1116388918845828,0.7290159935477115
12255000,1618627591,222946.32424558492,1946465.8389264746,903550.1503294598,wNXM,BNT,0.11453903777142346,0.7290734593593802
12256000,1618641234,223385.02131050493,1942681.477033992,903550.1503294598,wNXM,BNT,0.11498798127810443,0.7290806324046059
12257000,1618654387,222383.40108055674,1951520.1462934825,903550.1503294598,wNXM,BNT,0.1139539356039593,0.7290972178030716
12258000,1618667479,220705.30621913812,1966530.459929842,903550.1503294598,wNXM,BNT,0.11223080990416594,0.7291291539069672
12259000,1618681226,214382.13210585577,2025128.6909650278,903550.1503294598,wNXM,BNT,0.1058609919766121,0.7292364088420067
12260000,1618694542,214124.19641076325,2027592.8482075804,903550.1503294598,wNXM,BNT,0.10560512511180534,0.7292408454679857
12261000,1618707769,212418.17397567397,2044042.8068608677,903550.1503294598,wNXM,BNT,0.10392060932515132,0.7292703661903979
12262000,1618720436,211525.09380738524,2053201.942821557,903550.1503294598,wNXM,BNT,0.10302206003015107,0.7293643281036328
12263000,1618734160,216661.8301925911,2005795.0971067075,903550.1503294598,wNXM,BNT,0.10801792790555653,0.7295956297383722
12264000,1618747840,218039.75036259106,1993245.8058862542,903550.1503294598,wNXM,BNT,0.10938929344223271,0.7296187817889932
12265000,1618761280,219125.63189752365,1983466.8901878307,903550.1503294598,wNXM,BNT,0.11047607246762403,0.7296369275101388
12266000,1618774176,217884.024374766,1994989.0668366852,903550.1503294598,wNXM,BNT,0.10921564834450422,0.7296770578459456
12267000,1618787456,217801.97430806982,1995748.210732364,903550.1503294598,wNXM,BNT,0.10913299239694407,0.7296784461476825
12268000,1618801482,217529.73887312444,2013093.8046511316,906861.8467350582,wNXM,BNT,0.10805742800983001,0.7297098265203783
12269000,1618815056,215708.73935973682,2030260.9723078029,906861.8467350582,wNXM,BNT,0.10624680388479327,0.7297408744328597
12270000,1618828663,216337.33512370678,2024420.781516165,906861.8467350582,wNXM,BNT,0.10686381857910172,0.7297515070266536
12271000,1618841918,217227.37082370676,2016209.0772937087,906861.8467350582,wNXM,BNT,0.10774049837891016,0.7297665030858248
12272000,1618855651,218182.78204547247,2007468.4343791164,906861.8467350582,wNXM,BNT,0.10868553562734028,0.7297825411560876
12273000,1618868713,219006.45557512096,1999993.872940126,906861.8467350582,wNXM,BNT,0.10950356325500471,0.7297963049166869
12274000,1618881921,224861.79150390337,2100614.5529922782,941690.6976412323,wNXM,BNT,0.10704571725621571,0.7298317251744786
12275000,1618894723,224861.79150390337,2100614.5529922782,941690.6976412323,wNXM,BNT,0.10704571725621571,0.7298317251744786
12276000,1618908317,225553.15370290156,2094632.1874057294,941690.6976412323,wNXM,BNT,0.10768150850496408,0.7299112510369644
12277000,1618921543,224519.55376257162,2104372.8278131965,941690.6976412323,wNXM,BNT,0.106691908769743,0.7299282085825797
12278000,1618934589,223734.7692440408,2111829.0668986267,941690.6976412323,wNXM,BNT,0.10594359778019886,0.7299411399200249
12279000,1618947642,209079.41788375552,2261717.7142642685,941690.6976412323,wNXM,BNT,0.09244275559462051,0.7302415842136868
12280000,1618960424,207729.31098306936,2278484.8394111525,941690.6976412323,wNXM,BNT,0.09116993336534754,0.7305731072578744
12281000,1618974270,209828.43888306938,2255917.9251848054,941690.6976412323,wNXM,BNT,0.09301244364458879,0.7306098818818525
12282000,1618986883,210527.13944639935,2248505.821367669,941690.6976412323,wNXM,BNT,0.09362979514918257,0.730622045945248
12283000,1619000459,210048.24861858407,2253792.8776223706,941690.6976412323,wNXM,BNT,0.09319767166900163,0.7306480896139227
12284000,1619013925,211753.92655034683,2235878.6116873343,941690.6976412323,wNXM,BNT,0.09470725532391226,0.7306873127091169
12285000,1619027540,201749.57661619422,2348149.9124281215,941690.6976412323,wNXM,BNT,0.08591852485584006,0.7309050216442715
12286000,1619040762,201902.78906482048,2349520.304912497,942393.6010454451,wNXM,BNT,0.08593362170255428,0.7308503039297426
12287000,1619053360,203151.19376482043,2335226.1492444957,942393.6010454451,wNXM,BNT,0.08699422701760381,0.7308728568494629
12288000,1619067552,202961.9091662304,2337734.641769615,942393.6010454451,wNXM,BNT,0.08681990912903297,0.7309245472713729
12289000,1619081142,205167.01726623042,2312859.371495309,942393.6010454451,wNXM,BNT,0.08870708690497942,0.7309641160360859
12290000,1619094585,203489.1618998672,2332123.5505297207,942393.6010454451,wNXM,BNT,0.08725488058025334,0.7309944679576934
12291000,1619107029,204963.7897445688,2342848.2685043053,947951.0640920601,wNXM,BNT,0.08748487578131531,0.7310123839729676
12292000,1619121145,207335.56384456882,2316314.775732853,947951.0640920601,wNXM,BNT,0.08951096198873508,0.731054528063339
12293000,1619134162,213169.1299044466,2253634.5862090876,947951.0640920601,wNXM,BNT,0.09458903906113074,0.7311693660772369
12294000,1619147820,212771.24763152076,2258103.464638664,947951.0640920601,wNXM,BNT,0.09422564154542311,0.7312105860245017
12295000,1619161116,208154.80390241937,2308972.4487920804,947951.0640920601,wNXM,BNT,0.09015040608705133,0.7313355352719221
12296000,1619174795,206180.1616779591,2331311.065418825,947951.0640920601,wNXM,BNT,0.08843957579762887,0.7313708250937904
12297000,1619188421,205764.36037079003,2336407.9450479364,947951.0640920601,wNXM,BNT,0.08806867859138715,0.7314312241597253
12298000,1619200964,205886.48094488998,2335035.9742245553,947951.0640920601,wNXM,BNT,0.08817272334027447,0.7314333946684645
12299000,1619214456,205525.33050143928,2339193.4346048445,947951.0640920601,wNXM,BNT,0.08786162249816604,0.7314418873762205
12300000,1619228194,190498.12006115197,2526104.598912197,947951.0640920601,wNXM,BNT,0.07541181000311117,0.7317876796282535
12301000,1619241519,189288.0631026398,2442289.8209253964,929036.3379988602,wNXM,BNT,0.07750434100033123,0.7318591588681196
12302000,1619254859,184838.2941940503,2502289.6145071997,929036.3379988602,wNXM,BNT,0.07386766628548402,0.7320353632342501
12303000,1619268248,179623.57337884212,2575893.117949905,929036.3379988602,wNXM,BNT,0.06973254135707325,0.732171608460921
12304000,1619281634,182889.1235324621,2530356.3046474084,929036.3379988602,wNXM,BNT,0.07227801207148443,0.7322376875630585
12305000,1619294781,182889.1235324621,2530356.3046474084,929036.3379988602,wNXM,BNT,0.07227801207148443,0.7322376875630585
12306000,1619307662,185279.29144269487,2498038.4871534016,929036.3379988602,wNXM,BNT,0.07416991067012214,0.7322852762531126
12307000,1619321691,191748.3441197721,2414609.8137750076,929036.3379988602,wNXM,BNT,0.07941173063485243,0.7324139214966017
12308000,1619334613,200106.41023846038,2563713.121392627,977906.2241404847,wNXM,BNT,0.07805335494392648,0.732433168606353
12309000,1619347521,201119.84487942493,2550948.025845426,977906.2241404847,wNXM,BNT,0.0788412162230434,0.7324551846188521
12310000,1619361061,200619.5313473033,2557464.8602973865,977906.2241404847,wNXM,BNT,0.07844468733931105,0.7324774061217654
12311000,1619374210,198986.83025488237,2579221.4079283746,978016.7620939326,wNXM,BNT,0.0771499606986855,0.7325043047335952
12312000,1619387837,203377.46096127608,2524106.538240057,978016.7620939326,wNXM,BNT,0.08057403991476596,0.7325865708736581
12313000,1619400875,201406.8497341317,2549053.8856499195,978016.7620939326,wNXM,BNT,0.07901239391915797,0.7326226280048858
12314000,1619414288,201269.8436424966,2550988.215537487,978016.7620939326,wNXM,BNT,0.078898774371676,0.7326512292714638
12315000,1619428033,201595.82111231718,2546948.774067487,978016.7620939326,wNXM,BNT,0.07915189467684812,0.7326635224982795
12316000,1619441230,198269.59254766649,2593501.000047561,978663.4910519549,wNXM,BNT,0.07644862775993938,0.7327197193053732
12317000,1619453774,191054.7394567786,2692932.8723369557,978663.4910519549,wNXM,BNT,0.07094671442403214,0.732922888250552
12318000,1619467047,191453.73305679852,2600903.005599893,962709.6350275927,wNXM,BNT,0.07361048552929028,0.7329910626577246
12319000,1619480631,192535.52570447462,2586577.0626423066,962709.6350275927,wNXM,BNT,0.07443641578874545,0.7330318249996659
12320000,1619494666,190831.8418752284,2608611.724650917,962470.087050211,wNXM,BNT,0.07315455959654762,0.7330657029735977
12321000,1619508315,188412.78174964158,2642467.461932671,962470.087050211,wNXM,BNT,0.07130183605433635,0.7331161117914579
12322000,1619521244,187414.87269938464,2657274.2155330973,962470.087050211,wNXM,BNT,0.07052899230491567,0.7332177535080748
12323000,1619534274,188490.0571504548,2642275.1878556414,962470.087050211,wNXM,BNT,0.07133627035396921,0.7332397582292258
12324000,1619547158,188490.0571504548,2642275.1878556414,962470.087050211,wNXM,BNT,0.07133627035396921,0.7332397582292258
12325000,1619560375,188437.02094688153,2643026.3786996678,962470.087050211,wNXM,BNT,0.07129592896442824,0.7332408005177125
12326000,1619574017,189245.2733301518,2632370.833778077,962470.087050211,wNXM,BNT,0.07189157048155709,0.7333289241978308
12327000,1619587356,188954.87246628775,2636465.444529738,962470.087050211,wNXM,BNT,0.07166977016836697,0.7333357353242494
12328000,1619600728,183572.08684621757,2714862.5585732623,962470.087050211,wNXM,BNT,0.0676174513020983,0.733482920839356
12329000,1619613730,181203.08642838718,2751082.3119722446,962470.087050211,wNXM,BNT,0.06586610863652534,0.7335797710595807
12330000,1619627316,183907.04313800315,2711384.837768341,962470.087050211,wNXM,BNT,0.06782771688336632,0.7336814211755381
12331000,1619640482,184788.55108814663,2698579.8982655755,962470.087050211,wNXM,BNT,0.06847622010632833,0.7336990044677489
12332000,1619654270,185151.94128070658,2693336.4433877496,962470.087050211,wNXM,BNT,0.06874445327291438,0.7337062150989871
12333000,1619667548,187021.1665248214,2666685.391102321,962470.087050211,wNXM,BNT,0.07013244500038789,0.7337431010047136
12334000,1619680951,187701.745361403,2657383.264335049,962470.087050211,wNXM,BNT,0.07063405112862829,0.7337937569096521
12335000,1619694477,189072.70947815428,2638306.8115226566,962470.087050211,wNXM,BNT,0.07166441319576247,0.7338204872354569
12336000,1619707703,189072.70947815428,2638306.8115226566,962470.087050211,wNXM,BNT,0.07166441319576247,0.7338204872354569
12337000,1619721198,190477.94193182507,2619037.292456749,962470.087050211,wNXM,BNT,0.0727282282235661,0.7338477134562377
12338000,1619734035,191715.03170492194,2602306.4246434644,962470.087050211,wNXM,BNT,0.07367119793787864,0.7338715623268257
12339000,1619747642,193045.36966210522,2584579.771957007,962470.087050211,wNXM,BNT,0.07469120193412875,0.7339009068143971
12340000,1619760845,193528.82766210526,2578187.750547789,962470.087050211,wNXM,BNT,0.07506390006739659,0.733910096572323
12341000,1619774391,193969.43166210523,2572389.928552596,962470.087050211,wNXM,BNT,0.07540436599798298,0.7339184509319198
12342000,1619788113,195143.95417850558,2557061.838676824,962470.087050211,wNXM,BNT,0.0763156960957521,0.7339406210656018
12343000,1619801394,194594.9261656224,2564349.386284646,962470.087050211,wNXM,BNT,0.07588471649238132,0.7339510795320892
12344000,1619815125,194872.3305364673,2557060.7811975596,961835.114492996,wNXM,BNT,0.07620950271084362,0.7339136868819697
12345000,1619827904,194508.70610075654,2562215.0522747166,961835.114492996,wNXM,BNT,0.07591427812746361,0.7339672524940691
12346000,1619841369,195794.20137336652,2545560.53752096,961835.114492996,wNXM,BNT,0.07691594777944046,0.7339914474589477
12347000,1619854818,195601.55165472731,2548374.456519383,961835.114492996,wNXM,BNT,0.07675541997147607,0.7340356304405155
12348000,1619868373,197534.21612212734,2523689.6001697853,961835.114492996,wNXM,BNT,0.07827199355611637,0.7340717440745653
12349000,1619881525,199177.87884467994,2503142.3926675534,961835.114492996,wNXM,BNT,0.07957113403861124,0.7341126386363661
12350000,1619894405,199177.87884467994,2503142.3926675534,961835.114492996,wNXM,BNT,0.07957113403861124,0.7341126386363661
12351000,1619907381,199660.5251037688,2497217.2555344943,961835.114492996,wNXM,BNT,0.07995320577785862,0.7341311294743609
12352000,1619921265,199315.069734402,2501704.646529065,961835.114492996,wNXM,BNT,0.07967170305692853,0.7341544868795279
12353000,1619934736,199315.069734402,2501704.646529065,961835.114492996,wNXM,BNT,0.07967170305692853,0.7341544868795279
12354000,1619948407,199086.2721860987,2504608.7757314504,961835.114492996,wNXM,BNT,0.0794879719799581,0.7341587481205577
12355000,1619961519,199086.2721860987,2504608.7757314504,961835.114492996,wNXM,BNT,0.0794879719799581,0.7341587481205577
12356000,1619975215,199086.2721860987,2504608.7757314504,961835.114492996,wNXM,BNT,0.0794879719799581,0.7341587481205577
12357000,1619988384,199086.2721860987,2504608.7757314504,961835.114492996,wNXM,BNT,0.0794879719799581,0.7341587481205577
12358000,1620001966,199086.2721860987,2504608.7757314504,961835.114492996,wNXM,BNT,0.0794879719799581,0.7341587481205577
12359000,1620015322,199600.33073439874,2498222.812386054,961835.114492996,wNXM,BNT,0.07989692902682301,0.7341682263768926
12360000,1620028837,200312.31186831015,2489654.334853222,961835.114492996,wNXM,BNT,0.08045788086486294,0.7342140995659973
12361000,1620041798,199149.2638834376,2505670.5754748676,962100.2289786518,wNXM,BNT,0.07947942791549739,0.7342281332221754
12362000,1620054973,199224.0402583863,2504836.031762079,962100.2289786518,wNXM,BNT,0.07953576111656219,0.7342436590318356
12363000,1620068285,199655.7251800911,2499562.820585166,962100.2289786518,wNXM,BNT,0.07987625817435956,0.7342646058664654
12364000,1620081723,196109.74878494887,2546047.8418792617,962100.2289786518,wNXM,BNT,0.07702516251234244,0.734450538688791
12365000,1620094483,196098.48979150955,2522583.635339149,957372.6415837063,wNXM,BNT,0.07773716083952359,0.7346473203964429
12366000,1620107642,195770.72432715798,2526902.404711189,957372.6415837063,wNXM,BNT,0.0774745886355407,0.7346611858696616
12367000,1620121064,195944.765327158,2524680.4174359627,957372.6415837063,wNXM,BNT,0.07761171036695302,0.7346644514468749
12368000,1620134547,193352.04498765725,2559018.787496917,957372.6415837063,wNXM,BNT,0.07555710256304252,0.734733952583716
12369000,1620147864,196480.11056281903,2543961.2536322605,962130.744870091,wNXM,BNT,0.07723392417328892,0.7348191238207866
12370000,1620161141,195897.21488186123,2551977.8133728527,962130.744870091,wNXM,BNT,0.07676289889956028,0.734883480953931
12371000,1620174669,195589.08592518003,2560233.9642362096,962918.3984111743,wNXM,BNT,0.07639500477587399,0.7348905300942801
12372000,1620187673,195382.79258971306,2562964.9644864076,962918.3984111743,wNXM,BNT,0.07623311098552836,0.734894515450181
12373000,1620201196,194860.7811603871,2569900.4169519152,962918.3984111743,wNXM,BNT,0.07582425368509253,0.7349044586050225
12374000,1620214837,193312.61971059162,2590988.4469960798,962918.3984111743,wNXM,BNT,0.07460960311680005,0.7349763363895996
12375000,1620228309,193312.61971059162,2590988.4469960798,962918.3984111743,wNXM,BNT,0.07460960311680005,0.7349763363895996
12376000,1620241332,195316.23585107163,2564674.1301909457,962918.3984111743,wNXM,BNT,0.0761563559096414,0.7350142918123546
12377000,1620254186,194472.76914698523,2577465.5490557053,963215.7599604576,wNXM,BNT,0.07545116140087046,0.7350252422330961
12378000,1620267455,194907.15014698525,2571778.6768207713,963215.7599604576,wNXM,BNT,0.07578690651091685,0.7350334466616071
12379000,1620280246,193031.32216068855,2578153.900991752,959730.5535673875,wNXM,BNT,0.07487191594203674,0.7350535696372991
12380000,1620294307,191395.54457116095,2600412.9397887057,959730.5535673875,wNXM,BNT,0.0736019813017515,0.7350853205108202
12381000,1620307956,189147.85331479888,2631723.764226216,959730.5535673875,wNXM,BNT,0.07187222910167872,0.7351425127393347
12382000,1620321174,189964.69919872578,2620575.5968156,959730.5535673875,wNXM,BNT,0.07248968487288134,0.7351661079727645
12383000,1620334154,193096.8972187258,2578489.9757006867,959730.5535673875,wNXM,BNT,0.07488758887505585,0.7352263277497071
12384000,1620347640,191765.17710891948,2596632.6884591887,959730.5535673875,wNXM,BNT,0.07385148387033157,0.7352597833423392
12385000,1620361080,194549.82438840694,2559835.881319896,959730.5535673875,wNXM,BNT,0.07600089748257363,0.7353128603245385
12386000,1620375085,194238.7466581459,2563976.9770506145,959730.5535673875,wNXM,BNT,0.07575682168627815,0.7353188055974195
12387000,1620388683,194355.42078481294,2562453.179691889,959730.5535673875,wNXM,BNT,0.0758474037009263,0.7353210140278205
12388000,1620402037,195680.25487369293,2545277.4171164813,959730.5535673875,wNXM,BNT,0.07687973560672891,0.7353460159286954
12389000,1620414713,196544.38629230167,2528488.919765398,958663.7245685892,wNXM,BNT,0.0777319547481101,0.7353507763258272
12390000,1620428162,198709.09654249222,2543944.468181437,966823.4147203111,wNXM,BNT,0.0781106266382227,0.7353862886172058
12391000,1620441540,198506.95354126825,2546561.204031977,966823.4147203111,wNXM,BNT,0.07795098473461846,0.7353900707491297
12392000,1620454633,199496.78256220734,2559259.2991786767,971645.1904209631,wNXM,BNT,0.07795098473461845,0.7353894373390578
12393000,1620468280,199496.78256220734,2559259.2991786767,971645.1904209631,wNXM,BNT,0.07795098473461845,0.7353894373390578
12394000,1620481634,199496.78256220734,2559259.2991786767,971645.1904209631,wNXM,BNT,0.07795098473461845,0.7353894373390578
12395000,1620494629,196472.8583304974,2599242.805183421,971645.1904209631,wNXM,BNT,0.07558849751885065,0.7354734533955855
12396000,1620507893,195910.77711564797,2606983.814287859,971645.1904209631,wNXM,BNT,0.07514844397649789,0.7355134617028596
12397000,1620521549,193360.60432500165,2641716.6197192124,971645.1904209631,wNXM,BNT,0.07319505918297699,0.7355622055026081
12398000,1620534522,191338.32064420532,2670228.229486293,971645.1904209631,wNXM,BNT,0.0716561672636558,0.7356436069509441
12399000,1620547697,191563.4691096553,2667121.2393427463,971645.1904209631,wNXM,BNT,0.07182405744587071,0.7356479351101289
12400000,1620561103,189449.12750955424,2697203.0037257667,971645.1904209631,wNXM,BNT,0.07023910593598617,0.7356909553164632
12401000,1620574669,188903.01706314768,2705097.266159723,971645.1904209631,wNXM,BNT,0.06983224574816226,0.7357041140405547
12402000,1620588111,184950.7682012513,2763567.3503603935,971645.1904209631,wNXM,BNT,0.0669246465721677,0.7357925581750502
12403000,1620601491,185109.10620858768,2762612.761259017,971853.0909020765,wNXM,BNT,0.06700508620116094,0.7358228641322971
12404000,1620614854,186432.32054629616,2743224.9723545276,971853.0909020765,wNXM,BNT,0.06796100298922261,0.7358523738362314
12405000,1620627835,187356.63506468612,2729826.5316411145,971853.0909020765,wNXM,BNT,0.06863316510886545,0.7358705861909208
12406000,1620640942,189304.19716462612,2702021.888263439,971853.0909020765,wNXM,BNT,0.07006020120965413,0.735908692268758
12407000,1620655168,189445.1705877578,2700222.0521474597,971853.0909020765,wNXM,BNT,0.07015910800265258,0.7359374250188676
12408000,1620667872,189445.1705877578,2700222.0521474597,971853.0909020765,wNXM,BNT,0.07015910800265258,0.7359374250188676
12409000,1620680768,190096.55215678716,2691061.9913459904,971853.0909020765,wNXM,BNT,0.07063997513550642,0.7359500699325169
12410000,1620694380,187079.17998503035,2735241.20358554,971853.0909020765,wNXM,BNT,0.06839586203212875,0.7360544176376431
12411000,1620707881,187518.71292281037,2728894.0700265486,971853.0909020765,wNXM,BNT,0.0687160102630829,0.7360630641973609
12412000,1620720615,187518.71292281037,2728894.0700265486,971853.0909020765,wNXM,BNT,0.0687160102630829,0.7360630641973609
12413000,1620734100,187010.59612519023,2721499.6244573887,969237.2640699534,wNXM,BNT,0.06871601026308292,0.736049706131909
12414000,1620748143,187010.59612519023,2721499.6244573887,969237.2640699534,wNXM,BNT,0.06871601026308292,0.736049706131909
12415000,1620761335,187835.4617251902,2709667.7435299237,969237.2640699534,wNXM,BNT,0.06932047745473553,0.7360659213444105
12416000,1620774735,187961.08808793855,2707996.5355343265,969237.2640699534,wNXM,BNT,0.06940964865409295,0.7360849265608049
12417000,1620787779,189493.2472033196,2686393.9721526247,969237.2640699534,wNXM,BNT,0.07053814487659732,0.7361250861389591
12418000,1620801090,186468.93316052193,2731140.6838113507,969237.2640699534,wNXM,BNT,0.06827511093288008,0.7362836826846128
12419000,1620814141,183627.49043742084,2774193.045606462,969237.2640699534,wNXM,BNT,0.06619131668873401,0.7363886495238633
12420000,1620828079,181148.1882183483,2812680.272443781,969237.2640699534,wNXM,BNT,0.064404116597639,0.7364564631859646
12421000,1620842043,179864.0858981222,2833590.401599593,969237.2640699534,wNXM,BNT,0.06347568293448021,0.7365642919649121
12422000,1620855245,179196.4888993932,2845124.297597316,969237.2640699534,wNXM,BNT,0.06298371183667552,0.7366908355925954
12423000,1620868590,180738.7534124169,2821140.852713191,969237.2640699534,wNXM,BNT,0.06406583820109303,0.7367292677441463
12424000,1620881913,183963.24158345288,2772316.578145318,969237.2640699534,wNXM,BNT,0.0663572273937504,0.7368122450691041
12425000,1620894917,185950.8527643976,2743173.725130856,969237.2640699534,wNXM,BNT,0.06778675774737063,0.736878084450861
12426000,1620908553,187206.10063017037,2720873.975449662,968422.7917856054,wNXM,BNT,0.06880366467514615,0.7369689830969212
12427000,1620922127,185863.82971250045,2741084.1197704235,968422.7917856054,wNXM,BNT,0.0678066858189187,0.7370443486703258
12428000,1620934810,187385.02547102276,2719654.3678641436,968422.7917856054,wNXM,BNT,0.06890030868818964,0.7371558158420415
12429000,1620947504,187064.77092938125,2738584.599714658,970949.9169798924,wNXM,BNT,0.06830709956846764,0.7371608380339824
12430000,1620961302,184164.13023103407,2644419.1796322074,946536.4899852535,wNXM,BNT,0.06964256334604566,0.7372763638504924
12431000,1620975243,184496.37638745937,2639896.631728752,946536.4899852535,wNXM,BNT,0.069887727485239,0.7373098234467945
12432000,1620989024,182200.30365267795,2673502.8696325775,946536.4899852535,wNXM,BNT,0.0681504051191529,0.7373565022866733
12433000,1621002123,181280.47682721048,2687360.3985406645,946536.4899852535,wNXM,BNT,0.06745670470014087,0.7373965694123154
12434000,1621014871,182096.66317211045,2675435.671559531,946536.4899852535,wNXM,BNT,0.06806243375904643,0.7374131692758817
12435000,1621027968,182272.94806066086,2672939.1663991315,946536.4899852535,wNXM,BNT,0.06819195526481477,0.7374257272422632
12436000,1621041414,182272.94806066086,2672939.1663991315,946536.4899852535,wNXM,BNT,0.06819195526481477,0.7374257272422632
12437000,1621055525,182571.59613769376,2668610.5332635893,946536.4899852535,wNXM,BNT,0.06841447781981772,0.737431768453415
12438000,1621068895,185502.47707233395,2626993.4302904285,946536.4899852535,wNXM,BNT,0.07061398591005445,0.7375084300124899
12439000,1621082144,185332.84412430628,2629664.3802994406,946536.4899852535,wNXM,BNT,0.07047775583559542,0.7375458029629686
12440000,1621095283,185852.71237183208,2622664.757663868,946612.6280304556,wNXM,BNT,0.07086407510862346,0.7375365513904678
12441000,1621108096,186382.86819112205,2615279.3322390504,946612.6280304556,wNXM,BNT,0.07126690670994286,0.7375470706479287
12442000,1621121344,186104.4878731259,2619995.7764431396,946612.6280304556,wNXM,BNT,0.07103236178715452,0.7376603238918524
12443000,1621134530,186968.2993035885,2608058.6185554736,946612.6280304556,wNXM,BNT,0.0716886875062435,0.7376840090054871
12444000,1621147972,186685.6477937428,2604115.855482555,945191.0320456763,wNXM,BNT,0.07168868750624348,0.7376766284194587
12445000,1621161788,185280.3831932677,2624067.325596944,945191.0320456763,wNXM,BNT,0.07060809049597028,0.7377048088431766
12446000,1621175043,184804.58824485762,2630891.5994046372,945191.0320456763,wNXM,BNT,0.07024409074348724,0.7377143976082078
12447000,1621188337,184937.58824485762,2629018.4837217676,945191.0320456763,wNXM,BNT,0.07034472727747844,0.7377170521916054
12448000,1621201665,181353.64658750515,2681504.0170211,945191.0320456763,wNXM,BNT,0.06763131639421226,0.7377900260786918
12449000,1621214986,179655.5469106768,2707107.3013422876,945191.0320456763,wNXM,BNT,0.0663643981978833,0.7378251555264077
12450000,1621228726,178048.1552903572,2608220.6208616947,923505.4903704829,wNXM,BNT,0.06826422345803487,0.7379066421038751
12451000,1621242670,175948.50397600958,2639663.391327644,923505.4903704829,wNXM,BNT,0.06665565941251114,0.7379510962322828
12452000,1621256137,177011.36597330065,2623971.673970076,923505.4903704829,wNXM,BNT,0.06745932805954494,0.7379733288824375
12453000,1621268747,177073.60061427762,2623074.022652883,923505.4903704829,wNXM,BNT,0.06750613939411124,0.7379767858615208
12454000,1621282000,176008.04445000133,2639115.2493365365,923505.4903704829,wNXM,BNT,0.06669206450694,0.7379993090134134
12455000,1621295540,175599.10451522432,2645323.5194513844,923505.4903704829,wNXM,BNT,0.06638095613788741,0.7380079893317726
12456000,1621309002,175617.10899110965,2645070.7722857473,923505.4903704829,wNXM,BNT,0.06639410590868595,0.7380105638727363
12457000,1621322434,175617.10899110965,2645070.7722857473,923505.4903704829,wNXM,BNT,0.06639410590868595,0.7380105638727363
12458000,1621335639,175131.52256131676,2652479.0368514042,923505.4903704829,wNXM,BNT,0.0660256010050148,0.7380208988310388
12459000,1621349019,178517.5446462113,2602667.340292596,923505.4903704829,wNXM,BNT,0.06859022737271606,0.7380916664501672
12460000,1621362530,178692.7672799,2600140.734187027,923505.4903704829,wNXM,BNT,0.06872426747153398,0.7380952884087754
12461000,1621375809,180196.27483318077,2578662.2373946127,923505.4903704829,wNXM,BNT,0.0698797509111719,0.7381262540116804
12462000,1621388863,180196.27483318077,2578662.2373946127,923505.4903704829,wNXM,BNT,0.0698797509111719,0.7381262540116804
12463000,1621402653,181467.07323754084,2560784.369306485,923505.4903704829,wNXM,BNT,0.07086386320246323,0.7381522379969689
12464000,1621416851,189803.69488437736,2643363.136993472,959577.9035121817,wNXM,BNT,0.07180386691033971,0.7381599991606294
12465000,1621429721,196185.1593501437,2558322.244742048,959577.9035121817,wNXM,BNT,0.07668508521682528,0.7382959066177712
12466000,1621442784,192434.29960997342,2608923.299335402,959577.9035121817,wNXM,BNT,0.07376004486563258,0.7383999500405241
12467000,1621456241,185684.85856348518,2705257.56810982,959577.9035121817,wNXM,BNT,0.06863851366774822,0.738605125616362
12468000,1621470097,183310.23636327687,2741261.7320430423,959577.9035121817,wNXM,BNT,0.06687075306255309,0.7387344828478365
12469000,1621483912,184233.82239131036,2729247.7640959406,959577.9035121817,wNXM,BNT,0.06750351683528356,0.7389684966777701
12470000,1621496657,180599.84207466984,2784859.520988944,959577.9035121817,wNXM,BNT,0.06485061121163348,0.7390606686749697
12471000,1621510038,182805.05182967524,2845322.0605311263,975880.5277788119,wNXM,BNT,0.06424757828488198,0.7390318572287659
12472000,1621523304,178176.79002069824,2920173.7909531915,975880.5277788119,wNXM,BNT,0.061015817131397,0.7391511590812824
12473000,1621536824,176320.2137657,2952294.33294388,975880.5277788119,wNXM,BNT,0.05972311493410019,0.7393230149490879
12474000,1621550021,175783.05317538534,2961475.116916136,975880.5277788119,wNXM,BNT,0.059356586240181884,0.7393428772794587
12475000,1621563413,164963.482652792,2785228.1745494623,916763.6972644343,wNXM,BNT,0.05922799581024504,0.7393786242666874
12476000,1621577180,163397.71175253348,2776337.9537319136,910931.425699692,wNXM,BNT,0.05885368225179381,0.7393898175180753
12477000,1621590639,166755.47037574038,2720988.588331862,910931.425699692,wNXM,BNT,0.061284884137633236,0.7394651655931653
12478000,1621604820,166564.83685444196,2717877.9759193417,909894.6918752153,wNXM,BNT,0.06128488413763323,0.7394613981894104
12479000,1621617868,163767.83258163484,2764813.56794768,909894.6918752153,wNXM,BNT,0.05923286636038886,0.7395305088112231
12480000,1621630968,165306.89554909113,2739647.5094652926,909894.6918752153,wNXM,BNT,0.06033874612626889,0.7396081667012224
12481000,1621644346,164474.33108414747,2753822.7170661986,909894.6918752153,wNXM,BNT,0.05972582405717503,0.7396494217431198
12482000,1621658054,165183.81759407613,2740659.557614673,909663.8927182548,wNXM,BNT,0.06027155658028665,0.7396569434045089
12483000,1621671526,166465.37013919407,2715397.6769974884,908929.5855137167,wNXM,BNT,0.06130423235953444,0.7396877588412486
12484000,1621685181,165736.72647512765,2727456.600930646,908929.5855137167,wNXM,BNT,0.060766036173985676,0.739704163028861
12485000,1621698457,168841.70392490446,2677927.289429951,908929.5855137167,wNXM,BNT,0.06304939816377378,0.7397909492684339
12486000,1621711735,172034.53646124402,2628873.0823363843,908929.5855137167,wNXM,BNT,0.06544041156538073,0.7398818788456957
12487000,1621724862,171703.76701964776,2633988.5621079328,908929.5855137167,wNXM,BNT,0.06518774207669162,0.7398890740535999
12488000,1621738173,171703.76701964776,2633988.5621079328,908929.5855137167,wNXM,BNT,0.06518774207669162,0.7398890740535999
12489000,1621751573,170740.99708071508,2648991.6797458697,908929.5855137167,wNXM,BNT,0.06445508998242497,0.7399101140577423
12490000,1621765477,168163.17478676868,2690366.1903722007,908929.5855137167,wNXM,BNT,0.06250568245637372,0.7400156551125504
12491000,1621778924,168669.55443108932,2682369.9416266633,908929.5855137167,wNXM,BNT,0.0628807950065245,0.7400267964384616
12492000,1621792056,168414.84056595783,2653512.5019927355,903292.2178427586,wNXM,BNT,0.06346864408570964,0.7400694546284906
12493000,1621805271,168819.07449783597,2647531.2395982756,903292.2178427586,wNXM,BNT,0.06376471483050444,0.7401215258428951
12494000,1621818592,169009.16358202073,2635122.720056457,901673.8473120603,wNXM,BNT,0.06413711296846157,0.7401267068796517
12495000,1621831846,168584.10799176694,2641964.5094660907,901673.8473120603,wNXM,BNT,0.06381013347746892,0.7401544123618898
12496000,1621846049,167514.0049865041,2613044.8701437647,893847.5852590286,wNXM,BNT,0.06410682300196698,0.7401768936289675
12497000,1621859470,167917.9605365041,2606821.602337403,893847.5852590286,wNXM,BNT,0.06441482623357911,0.7401858181592372
12498000,1621872496,167771.43705164312,2609265.460915433,893847.5852590286,wNXM,BNT,0.06429833972997992,0.740209532658899
12499000,1621885629,168401.6141710207,2599729.1838597953,893847.5852590286,wNXM,BNT,0.06477659873825638,0.7402419760773732
12500000,1621898262,167736.37471008836,2610232.992312599,893847.5852590286,wNXM,BNT,0.064261073706481,0.7402693909115398
12501000,1621912250,166882.05855464016,2632135.5694952942,895277.0030372895,wNXM,BNT,0.06340177173573146,0.7402893853167587
12502000,1621925689,166882.05855464016,2632135.5694952942,895277.0030372895,wNXM,BNT,0.06340177173573146,0.7402893853167587
12503000,1621939189,167360.16722950462,2622553.419657789,894877.3209392879,wNXM,BNT,0.0638157323984436,0.7403289294031171
12504000,1621952603,165264.40726300195,2656149.6881378223,894877.3209392879,wNXM,BNT,0.06221953830428351,0.7403761776546975
12505000,1621965779,164003.9360213376,2676828.855290982,894877.3209392879,wNXM,BNT,0.06126799466359971,0.7404128310841402
12506000,1621979304,164443.08299995717,2669899.057529758,894877.3209392879,wNXM,BNT,0.06159149820147248,0.7404431579902603
12507000,1621992735,165355.1610920087,2655319.2635123273,894877.3209392879,wNXM,BNT,0.062273174967775784,0.7404636587717014
12508000,1622005956,165159.4222490147,2658498.043077802,894877.3209392879,wNXM,BNT,0.06212508701259226,0.7404680909387394
12509000,1622019168,165513.7010077437,2652864.4859327446,894877.3209392879,wNXM,BNT,0.06239056004760425,0.7404760326808993
12510000,1622032864,169452.3406396892,2591998.221683597,894877.3209392879,wNXM,BNT,0.06537517627215954,0.7405896423768473
12511000,1622046244,168514.84694481944,2607346.291326151,895010.1031027918,wNXM,BNT,0.06463078859352787,0.7406115914511894
12512000,1622059779,168324.3060890679,2610327.619368649,895010.1031027918,wNXM,BNT,0.0644839769690595,0.7406158256409509
12513000,1622073150,170630.83806494338,2733606.662474631,922072.9243156735,wNXM,BNT,0.06241967449350512,0.7406815119893118
12514000,1622086473,171179.97756309595,2736796.541797509,924069.683995159,wNXM,BNT,0.0625475715672551,0.7407011453534134
12515000,1622099480,170584.26861212403,2746450.64884831,924069.683995159,wNXM,BNT,0.06211080788349735,0.7407141925903274
12516000,1622113180,176038.46548932506,2913382.626714517,966757.1229331482,wNXM,BNT,0.06042408019980793,0.7407730425509386
12517000,1622126954,176323.52328419828,2908822.5758623015,966757.1229331482,wNXM,BNT,0.06061680239535693,0.7407921356432058
12518000,1622140739,175763.40626596654,2924744.012355324,967839.6180673346,wNXM,BNT,0.06009531279437431,0.7408064667023566
12519000,1622154090,176769.5261120493,2941486.080901092,973379.9809125375,wNXM,BNT,0.06009531279437429,0.740806335076941
12520000,1622166930,176769.5261120493,2941486.080901092,973379.9809125375,wNXM,BNT,0.06009531279437429,0.740806335076941
12521000,1622180260,176706.99488739818,2942537.501178445,973379.9809125375,wNXM,BNT,0.06005258890213957,0.7408076590643486
12522000,1622193864,175034.45629346062,2962538.475731779,971930.2099516897,wNXM,BNT,0.05908259343373599,0.7408984622162691
12523000,1622207373,174945.5242759291,2964359.285693864,971930.2099516897,wNXM,BNT,0.059016302484055955,0.7409378088889962
12524000,1622220821,175681.95017128557,2952057.3416401963,971930.2099516897,wNXM,BNT,0.0595116997536622,0.7409533828212113
12525000,1622234394,176908.38039264557,2931796.085695958,971930.2099516897,wNXM,BNT,0.06034129769657925,0.7409791748299964
12526000,1622247515,177015.0736416608,2933480.9510039734,972512.5119090034,wNXM,BNT,0.060343011118268224,0.7409716019499808
12527000,1622261105,177758.22273229487,2921379.479550517,972512.5119090034,wNXM,BNT,0.060847357892595565,0.7409922051060657
12528000,1622274724,178691.2927322949,2906277.255787,972512.5119090034,wNXM,BNT,0.06148459937071851,0.7410116219753661
12529000,1622288050,179199.95573229488,2898110.162688596,972512.5119090034,wNXM,BNT,0.06183338302297311,0.7410221614700611
12530000,1622301541,180474.35355804983,2877861.8303963384,972512.5119090034,wNXM,BNT,0.06271126419338727,0.7410500134988627
12531000,1622314413,180570.28122156518,2876413.620220238,972512.5119090034,wNXM,BNT,0.06277618766376843,0.7410604025336256
12532000,1622327835,180054.3594804044,2884902.757548948,972512.5119090034,wNXM,BNT,0.062412626910648805,0.7410921489620002
12533000,1622340972,177328.9375356565,2929693.7803970533,972512.5119090034,wNXM,BNT,0.060528147590777764,0.741149334657155
12534000,1622354432,176473.2681488871,2944042.949322651,972512.5119090034,wNXM,BNT,0.05994249105281873,0.7411674490831933
12535000,1622368198,176479.5418321334,2943939.337919265,972512.5119090034,wNXM,BNT,0.05994673176821186,0.7411675808269257
12536000,1622381260,176916.91261213343,2936734.164059781,972512.5119090034,wNXM,BNT,0.060242739971928916,0.7411767649802599
12537000,1622395019,176853.67299767505,2937794.897204035,972512.5119090034,wNXM,BNT,0.06019946224496157,0.7411781035250624
12538000,1622408409,176092.59482470417,2950620.786241694,972512.5119090034,wNXM,BNT,0.059679846236357366,0.7411942608180399
12539000,1622421779,176123.54490674209,2950227.739332086,972512.5119090034,wNXM,BNT,0.05969828788424836,0.7412100216456382
12540000,1622435873,178493.81380907795,2901583.142573161,970848.8208739224,wNXM,BNT,0.06151600868854902,0.741271813773675
12541000,1622448997,182713.11151297597,2836799.0886946847,970478.3927982575,wNXM,BNT,0.0644081959279848,0.7418451737516503
12542000,1622462501,182788.63417633483,2865743.189104646,975595.7148575643,wNXM,BNT,0.06378402463671007,0.7418623727826824
12543000,1622475953,183298.70697625304,2864423.484570344,976724.6136771828,wNXM,BNT,0.06399148309026917,0.7418672191837017
12544000,1622489305,186980.64282945404,2909784.968842483,994242.7779171845,wNXM,BNT,0.06425926480190569,0.7418845508102897
12545000,1622502453,186980.64282945404,2909784.968842483,994242.7779171845,wNXM,BNT,0.06425926480190569,0.7418845508102897
12546000,1622515593,187940.9365700807,2898749.103794696,994879.9271850871,wNXM,BNT,0.06483518574410282,0.74189994432064
12547000,1622529459,187941.907471582,2898734.2787038176,994879.9271850871,wNXM,BNT,0.06483585227260676,0.7418999634838882
12548000,1622543046,187491.49330519888,2905768.4307361995,994879.9271850871,wNXM,BNT,0.06452389368745962,0.7419089599461974
12549000,1622556449,187491.49330519888,2905768.4307361995,994879.9271850871,wNXM,BNT,0.06452389368745962,0.7419089599461974
12550000,1622569624,187491.49330519888,2905768.4307361995,994879.9271850871,wNXM,BNT,0.06452389368745962,0.7419089599461974
12551000,1622582566,187942.72224620933,2898861.747054513,994879.9271850871,wNXM,BNT,0.06483328238650046,0.7419178835769834
12552000,1622596190,187546.54402543485,2903330.0268652495,994588.778643741,wNXM,BNT,0.0645970462503467,0.7419235911011295
12553000,1622609616,188604.6576733229,2934507.025294137,1002719.0013996297,wNXM,BNT,0.06427132600046112,0.7419327446163474
12554000,1622623463,188019.8530487084,2943726.7120469785,1002719.0013996297,wNXM,BNT,0.06387136831664822,0.7419443876221823
12555000,1622635675,186990.63217231806,2960093.6451525656,1002719.0013996297,wNXM,BNT,0.06317051235136867,0.7419649763560542
12556000,1622649073,186402.99868043937,2969519.7938482454,1002719.0013996297,wNXM,BNT,0.0627721017608968,0.7419767806143612
12557000,1622662442,186098.2713426879,2974431.442489237,1002719.0013996297,wNXM,BNT,0.06256599788595103,0.7419829168155482
12558000,1622675821,186134.61809549623,2974978.6321455296,1002912.9681798901,wNXM,BNT,0.062566707566991,0.7419800949521098
12559000,1622689170,186134.61809549623,2974978.6321455296,1002912.9681798901,wNXM,BNT,0.062566707566991,0.7419800949521098
12560000,1622702828,186134.61809549623,2974978.6321455296,1002912.9681798901,wNXM,BNT,0.062566707566991,0.7419800949521098
12561000,1622715857,186546.48152692517,2981561.4210990295,1005132.1332515242,wNXM,BNT,0.06256670756699102,0.7419800938947988
12562000,1622729349,186546.48152692517,2981561.4210990295,1005132.1332515242,wNXM,BNT,0.06256670756699102,0.7419800938947988
12563000,1622743033,186546.48152692517,2950850.6605549646,999916.1097285311,wNXM,BNT,0.06321786595999457,0.7419994461940336
12564000,1622756675,185961.73678452606,2960223.347190937,999916.1097285311,wNXM,BNT,0.06282017097155587,0.7420112180816323
12565000,1622770114,186012.39900087495,2945534.5317468573,997560.3918974688,wNXM,BNT,0.0631506427767322,0.74201692094472
12566000,1622783435,186013.42476732042,2945518.451100068,997560.3918974688,wNXM,BNT,0.06315133578533505,0.7420169414040028
12567000,1622796844,186013.42476732042,2945518.451100068,997560.3918974688,wNXM,BNT,0.06315133578533505,0.7420169414040028
12568000,1622810185,182211.2256757565,2886417.303911688,977356.231220187,wNXM,BNT,0.06312712490630613,0.742017654321571
12569000,1622822825,181855.08870077966,2892127.1112466683,977356.231220187,wNXM,BNT,0.06287935547286162,0.7420249889924112
12570000,1622835774,181153.69668761807,2903438.242503672,977356.231220187,wNXM,BNT,0.06239281898119759,0.7420394769688667
12571000,1622849624,180573.1974856311,2912866.6016484085,977356.231220187,wNXM,BNT,0.061991578118765774,0.7420515148357103
12572000,1622862428,179967.01822596288,2922777.276793579,977356.231220187,wNXM,BNT,0.061573976113361246,0.7420641238361776
12573000,1622876353,179811.19153454303,2925335.800586534,977356.231220187,wNXM,BNT,0.0614668550183164,0.7420673717479789
12574000,1622889608,179106.2624421461,2938567.4161960706,977628.160358421,wNXM,BNT,0.060950196839110245,0.7420779241908281
12575000,1622903774,179414.72060093482,2933593.6474042893,977628.160358421,wNXM,BNT,0.06115868186436968,0.7420878344772197
12576000,1622917200,179246.00416575623,2936244.8198724873,977608.4103750966,wNXM,BNT,0.06104600098487031,0.742088914639458
12577000,1622930312,179037.4143047187,2939700.3252858627,977608.4103750966,wNXM,BNT,0.06090328757823596,0.7420932812452328
12578000,1622943491,179001.80766100355,2940290.9918136024,977608.4103750966,wNXM,BNT,0.060878942988766345,0.7420940267794592
12579000,1622956890,178658.53817303464,2945998.051882005,977608.4103750966,wNXM,BNT,0.06064448618996928,0.7421012901038964
12580000,1622969986,178138.0991548123,2954692.026826613,977608.4103750966,wNXM,BNT,0.060289904171886066,0.7421122283821056
12581000,1622983236,177391.36871732876,2967514.9337868313,977651.1353358645,wNXM,BNT,0.0597777509719085,0.7421279528887891
12582000,1622996746,176996.52159135704,2974201.940428832,977651.1353358645,wNXM,BNT,0.059510593139427845,0.7421363144079464
12583000,1623009644,176996.52159135704,2974201.940428832,977651.1353358645,wNXM,BNT,0.059510593139427845,0.7421363144079464
12584000,1623022740,176599.15793637768,2980961.8700882643,977651.1353358645,wNXM,BNT,0.059242340436628495,0.7421447434724117
12585000,1623036037,176206.50170209332,2987671.8077423205,977651.1353358645,wNXM,BNT,0.058977864049681694,0.7421530901450577
12586000,1623049776,175828.71245094386,2996369.9395065233,978016.5943013618,wNXM,BNT,0.05868057549659617,0.7421580286672467
12587000,1623063487,175695.97008000742,2998656.6507194964,978016.5943013618,wNXM,BNT,0.058591559669844494,0.7421608605903443
12588000,1623077198,175192.85743383737,3007355.24990741,978016.5943013618,wNXM,BNT,0.05825479295777617,0.7421716159708148
12589000,1623091134,174945.92587402128,3011642.980132012,978016.5943013618,wNXM,BNT,0.05808986225397564,0.7421769054420125
12590000,1623103605,174310.29484020636,3022736.271323403,978016.5943013618,wNXM,BNT,0.057666392034886486,0.7421905558282156
12591000,1623116594,173784.54070186132,3031973.580947906,978016.5943013618,wNXM,BNT,0.05731730045204745,0.742201884880027
12592000,1623130208,171226.67248222648,2977658.2356933584,962009.2666977727,wNXM,BNT,0.057503802964934875,0.7422391841464573
12593000,1623143714,170117.62266529244,2997267.3602828905,962009.2666977727,wNXM,BNT,0.056757573555011875,0.7422635582202903
12594000,1623157188,169838.90550171403,3002235.825106104,962009.2666977727,wNXM,BNT,0.05657080768986948,0.7422697077947739
12595000,1623170113,170203.80463173217,2995904.2426894866,962009.2666977727,wNXM,BNT,0.05681216448992262,0.7422827028223324
12596000,1623183639,170118.72508176567,2997417.6923909225,962009.2666977727,wNXM,BNT,0.05675509473158165,0.7422845777255754
12597000,1623196855,169089.2363417103,2943984.2157492116,950449.2326348155,wNXM,BNT,0.057435510502110126,0.7423296297733439
12598000,1623210284,169089.2363417103,2943984.2157492116,950449.2326348155,wNXM,BNT,0.057435510502110126,0.7423296297733439
12599000,1623223341,169359.23634171023,2939337.71994616,950449.2326348155,wNXM,BNT,0.05761816180306508,0.742335556472295
12600000,1623236934,168886.21630408635,2947653.5941931647,950449.2326348155,wNXM,BNT,0.05729513693087606,0.7423460478044579
12601000,1623250838,175602.83138713584,2836325.2557414407,950449.2326348155,wNXM,BNT,0.06191209242722471,0.7425314427449445
12602000,1623264340,178387.93617875662,2793507.728562014,950449.2326348155,wNXM,BNT,0.06385804283082602,0.7427262181858891
12603000,1623277637,176437.0536375764,2824711.0019344497,950449.2326348155,wNXM,BNT,0.06246198408146775,0.7427676572388417
12604000,1623290993,170063.33892597974,2671267.6000987715,907391.9977516407,wNXM,BNT,0.0636639095685103,0.7427952265145925
12605000,1623304690,169709.0546394573,2676900.5514020384,907391.9977516407,wNXM,BNT,0.0633975941133007,0.7428030542134668
12606000,1623317782,169588.87706090914,2678830.513703026,907391.9977516407,wNXM,BNT,0.0633070573869496,0.7428076297090629
12607000,1623331022,168962.69883600486,2688858.8375752503,907391.9977516407,wNXM,BNT,0.06283806962078063,0.742821517233356
12608000,1623344763,168881.95220576922,2690175.0443369565,907391.9977516407,wNXM,BNT,0.06277730981159753,0.7428257415470069
12609000,1623357500,168881.95220576922,2690175.0443369565,907391.9977516407,wNXM,BNT,0.06277730981159753,0.7428257415470069
12610000,1623370783,167604.5638297089,2713184.4156632847,907782.3965124601,wNXM,BNT,0.061774114159776,0.7428494741358652
12611000,1623384283,167221.5001510516,2719462.5850409875,907782.3965124601,wNXM,BNT,0.06149064196392731,0.7428580686637845
12612000,1623397476,167226.72595354303,2719547.5703708595,907811.8196805249,wNXM,BNT,0.061490641963927346,0.7428572059685805
12613000,1623411157,168596.48551959827,2697715.6557356548,907811.8196805249,wNXM,BNT,0.062496017755297034,0.7428934202478543
12614000,1623424419,169371.1797171069,2710079.1992342575,911982.1538345146,wNXM,BNT,0.062496763845485886,0.742889821103202
12615000,1623438058,169481.1555256091,2723743.930354221,914566.1763797698,wNXM,BNT,0.06222360099158374,0.7428971806826818
12616000,1623451764,169820.4603740238,2718402.575424694,914566.1763797698,wNXM,BNT,0.06247068109383794,0.7429109467697397
12617000,1623464266,169363.35952626125,2725813.6713529066,914566.1763797698,wNXM,BNT,0.06213313892515658,0.7429210723079602
12618000,1623477739,169070.7995255978,2730597.294359065,914566.1763797698,wNXM,BNT,0.06191714899698627,0.7429301701541978
12619000,1623492044,157342.53171752222,2523522.8723160704,848147.9216663314,wNXM,BNT,0.06235034896795463,0.7429423025306735
12620000,1623505786,156491.03541944898,2537392.9698589817,848147.9216663314,wNXM,BNT,0.06167394537557426,0.7429626745805742
12621000,1623519101,156491.03541944898,2537392.9698589817,848147.9216663314,wNXM,BNT,0.06167394537557426,0.7429626745805742
12622000,1623532220,156189.49359161794,2542421.7535879426,848147.9216663314,wNXM,BNT,0.06143335320790053,0.7429816779151175
12623000,1623545346,156189.49359161794,2542421.7535879426,848147.9216663314,wNXM,BNT,0.06143335320790053,0.7429816779151175
12624000,1623558527,156417.19406036742,2546090.893489578,849384.3985984941,wNXM,BNT,0.061434253765382196,0.7429762265057271
12625000,1623572662,156272.8193141176,2545160.716697287,848836.0278773683,wNXM,BNT,0.06139998086914689,0.742977265640635
12626000,1623585384,156154.74812322974,2547104.608477453,848836.0278773683,wNXM,BNT,0.06130676675135545,0.7429801029165533
12627000,1623598958,156300.30682322974,2544756.272055865,848836.0278773683,wNXM,BNT,0.06142054095300742,0.7429835657304343
12628000,1623612139,156258.31862301726,2545446.9829249047,848836.0278773683,wNXM,BNT,0.061387378983421226,0.7429845740519027
12629000,1623625762,156258.31862301726,2545446.9829249047,848836.0278773683,wNXM,BNT,0.061387378983421226,0.7429845740519027
12630000,1623638807,156258.31862301726,2545446.9829249047,848836.0278773683,wNXM,BNT,0.061387378983421226,0.7429845740519027
12631000,1623652837,156442.6442843525,2542477.84413964,848836.0278773683,wNXM,BNT,0.061531566398877226,0.7429889556473356
12632000,1623665801,156442.6442843525,2542477.84413964,848836.0278773683,wNXM,BNT,0.061531566398877226,0.7429889556473356
12633000,1623679518,156442.6442843525,2542477.84413964,848836.0278773683,wNXM,BNT,0.061531566398877226,0.7429889556473356
12634000,1623693038,156680.12001052193,2538760.607806451,848836.0278773683,wNXM,BNT,0.06171520053082013,0.7430089050602007
12635000,1623705972,156591.74146990525,2540207.9346783636,848836.0278773683,wNXM,BNT,0.061645245388044424,0.7430110227912893
12636000,1623719127,156591.74146990525,2540207.9346783636,848836.0278773683,wNXM,BNT,0.061645245388044424,0.7430110227912893
12637000,1623732728,156591.74146990525,2540207.9346783636,848836.0278773683,wNXM,BNT,0.061645245388044424,0.7430110227912893
12638000,1623746246,156621.68474685997,2539766.9247687794,848836.0278773683,wNXM,BNT,0.061667739358058936,0.743017551531878
12639000,1623759426,157499.11204983556,2549967.248947507,852919.3694288372,wNXM,BNT,0.06176515095040651,0.7430163644660243
12640000,1623772999,157271.5583019381,2553694.067285916,852919.3694288372,wNXM,BNT,0.06158590424619164,0.7430217924492477
12641000,1623785935,157271.5583019381,2553694.067285916,852919.3694288372,wNXM,BNT,0.06158590424619164,0.7430217924492477
12642000,1623798983,156539.59060601034,2541808.755137187,848950.6970526576,wNXM,BNT,0.06158590424619163,0.7430209569315637
12643000,1623812712,156539.59060601034,2541808.755137187,848950.6970526576,wNXM,BNT,0.06158590424619163,0.7430209569315637
12644000,1623826249,156539.59060601034,2541808.755137187,848950.6970526576,wNXM,BNT,0.06158590424619163,0.7430209569315637
12645000,1623839905,156640.0106060103,2543439.3230606285,849495.2981255747,wNXM,BNT,0.06158590424619162,0.7430209569315633
12646000,1623853349,156640.0106060103,2543439.3230606285,849495.2981255747,wNXM,BNT,0.06158590424619162,0.7430209569315633
12647000,1623866280,156885.16060601032,2539504.6685262965,849495.2981255747,wNXM,BNT,0.06177785871016042,0.7430267712466352
12648000,1623880295,149878.26041194145,2417072.7407824015,810039.1253168307,wNXM,BNT,0.062008171240815105,0.7430331433170968
12649000,1623893348,150351.3440587981,2418248.942757904,811509.4676325665,wNXM,BNT,0.06217364201029244,0.7430372214774313
12650000,1623906874,150351.3440587981,2418248.942757904,811509.4676325665,wNXM,BNT,0.06217364201029244,0.7430372214774313
12651000,1623920011,150351.82546288669,2418241.277314699,811509.4676325665,wNXM,BNT,0.06217403816290933,0.7430372333729404
12652000,1623933520,149737.25149544486,2407077.4503151756,807977.068560243,wNXM,BNT,0.06220707666711709,0.7430378304797969
12653000,1623947516,149737.25149544486,2407077.4503151756,807977.068560243,wNXM,BNT,0.06220707666711709,0.7430378304797969
12654000,1623960298,149737.25149544486,2407077.4503151756,807977.068560243,wNXM,BNT,0.06220707666711709,0.7430378304797969
12655000,1623973631,149737.25149544486,2407077.4503151756,807977.068560243,wNXM,BNT,0.06220707666711709,0.7430378304797969
12656000,1623986401,149737.25149544486,2407077.4503151756,807977.068560243,wNXM,BNT,0.06220707666711709,0.7430378304797969
12657000,1623999534,149737.25149544486,2407077.4503151756,807977.068560243,wNXM,BNT,0.06220707666711709,0.7430378304797969
12658000,1624013564,149737.25149544486,2407077.4503151756,807977.068560243,wNXM,BNT,0.06220707666711709,0.7430378304797969
12659000,1624027506,149114.34940357343,2417548.5042338255,807977.068560243,wNXM,BNT,0.061679982487396284,0.7431017465049498
12660000,1624040322,148116.44174642995,2434130.536971043,807977.068560243,wNXM,BNT,0.06084983508351261,0.7431466637302476
12661000,1624054240,148476.5445950683,2428286.031569302,807977.068560243,wNXM,BNT,0.0611445862080399,0.7431556974202583
12662000,1624067784,148476.6245079991,2427034.8850371945,807780.8731376348,wNXM,BNT,0.061176139421549224,0.7431448741404499
12663000,1624081499,148476.88868974886,2427189.181423229,807807.2601750143,wNXM,BNT,0.06117235929779753,0.7431448816419806
12664000,1624094882,148476.88868974886,2427189.181423229,807807.2601750143,wNXM,BNT,0.06117235929779753,0.7431448816419806
12665000,1624108355,148476.88868974886,2427189.181423229,807807.2601750143,wNXM,BNT,0.06117235929779753,0.7431448816419806
12666000,1624121803,148476.88868974886,2427189.181423229,807807.2601750143,wNXM,BNT,0.06117235929779753,0.7431448816419806
12667000,1624134958,148476.88868974886,2427189.181423229,807807.2601750143,wNXM,BNT,0.06117235929779753,0.7431448816419806
12668000,1624148550,148476.88868974886,2427189.181423229,807807.2601750143,wNXM,BNT,0.06117235929779753,0.7431448816419806
12669000,1624161786,148537.77488974886,2426204.216468777,807807.2601750143,wNXM,BNT,0.06122228866040733,0.7431464053545902
12670000,1624175317,148537.77488974886,2426204.216468777,807807.2601750143,wNXM,BNT,0.06122228866040733,0.7431464053545902
12671000,1624188949,148537.77488974886,2426204.216468777,807807.2601750143,wNXM,BNT,0.06122228866040733,0.7431464053545902
12672000,1624203226,148537.77488974886,2426204.216468777,807807.2601750143,wNXM,BNT,0.06122228866040733,0.7431464053545902
12673000,1624215953,148697.03119374887,2423631.7075892766,807807.2601750143,wNXM,BNT,0.06135298144851139,0.7431503892042444
12674000,1624229227,148527.76326228582,2426421.7029200997,807807.2601750143,wNXM,BNT,0.06121267506119761,0.7431546666283732
12675000,1624241912,149162.65769840014,2436793.6468921546,811261.3685322342,wNXM,BNT,0.061212675061197604,0.7431536881297334
12676000,1624256450,149162.65769840014,2436793.6468921546,811261.3685322342,wNXM,BNT,0.061212675061197604,0.7431536881297334
12677000,1624270001,149960.53627504525,2423958.1180263204,811261.3685322342,wNXM,BNT,0.06186597662716584,0.7431735636966826
12678000,1624283735,149859.87496999587,2425992.090451993,811261.3685322342,wNXM,BNT,0.061772614824179034,0.7432357263802286
12679000,1624296700,150964.39747837486,2408419.761669769,811261.3685322342,wNXM,BNT,0.0626819294049101,0.7432630860580948
12680000,1624310304,150924.692850598,2383625.3100008275,806950.9966445118,wNXM,BNT,0.0633172890963075,0.7432792043046669
12681000,1624324315,150264.39582783115,2394205.6456757835,806950.9966445118,wNXM,BNT,0.06276169137735778,0.7432956783137995
12682000,1624337848,150578.1436624281,2381250.9323080988,805594.3275781459,wNXM,BNT,0.0632348912159693,0.743305166341499
12683000,1624350854,150791.65945451998,2377912.880557164,805594.3275781459,wNXM,BNT,0.06341344995750571,0.7433104362255379
12684000,1624364869,150804.57612397333,2377820.566544921,805594.3275781459,wNXM,BNT,0.06342134400119984,0.7433278422243506
12685000,1624378010,151039.18654010675,2374212.5662357495,805594.3275781459,wNXM,BNT,0.06361653909513895,0.7433412250490056
12686000,1624391350,151439.18654010675,2368004.2115971004,805594.3275781459,wNXM,BNT,0.06395224543877336,0.7433510680085795
12687000,1624404859,151378.49664031973,2368963.173307865,805594.3275781459,wNXM,BNT,0.06390073866321219,0.7433525731674104
12688000,1624418181,150665.2481379075,2363488.3912270945,802766.4269340029,wNXM,BNT,0.06374698039438388,0.7433512586097871
12689000,1624432133,150852.9547667241,2360580.097843984,802766.4269340029,wNXM,BNT,0.06390503542095623,0.7433563915454839
12690000,1624445931,144904.18283252683,2458582.5103774765,802766.4269340029,wNXM,BNT,0.05893810039764705,0.7435217095837521
12691000,1624459609,140520.34935860246,2537585.4796137195,802766.4269340029,wNXM,BNT,0.05537561216656748,0.743859218402826
12692000,1624473048,140520.34935860246,2537585.4796137195,802766.4269340029,wNXM,BNT,0.05537561216656748,0.743859218402826
12693000,1624485681,140617.04393142517,2535857.9688711003,802766.4269340029,wNXM,BNT,0.05545146678464185,0.7438617772773345
12694000,1624498902,140840.15827735502,2532358.5941805937,802898.2057806897,wNXM,BNT,0.05561619851193598,0.7438157442403267
12695000,1624512299,141821.68299435958,2515007.3212172743,802898.2057806897,wNXM,BNT,0.056390167057532574,0.743841589409977
12696000,1624526560,142169.46103564263,2508916.5780261722,802898.2057806897,wNXM,BNT,0.05666567883555974,0.7438507096721129
12697000,1624539955,142453.28103564263,2503967.8685895163,802898.2057806897,wNXM,BNT,0.05689101798094817,0.7438581345667848
12698000,1624553842,142164.3359593087,2498860.3772624014,801269.638072142,wNXM,BNT,0.056891668399278575,0.7438538911153797
12699000,1624566759,142003.85071978343,2501713.0156845436,801269.638072142,wNXM,BNT,0.056762646166641506,0.7438581369310998
12700000,1624579680,142003.85071978343,2501713.0156845436,801269.638072142,wNXM,BNT,0.056762646166641506,0.7438581369310998
12701000,1624593266,142045.50739249267,2502446.890433563,801505.149422993,wNXM,BNT,0.05676264616664152,0.7438577102127842
12702000,1624606748,142082.2411123466,2501806.381524922,801505.149422993,wNXM,BNT,0.056791861337304385,0.7438586720398628
12703000,1624620312,142765.58468232385,2490001.0191320274,801505.149422993,wNXM,BNT,0.0573355527107734,0.7438839862481893
12704000,1624634270,143712.46398232388,2473758.8341037114,801505.149422993,wNXM,BNT,0.058094775449035865,0.7439086008550899
12705000,1624648085,141875.45859940772,2450265.059120696,792560.466595992,wNXM,BNT,0.05790208617280012,0.7439226247728538
12706000,1624661478,142027.1885994077,2447673.5769272097,792560.466595992,wNXM,BNT,0.058025379665906075,0.7439266027363148
12707000,1624674511,142029.43420269014,2448231.1849091803,792657.0065862508,wNXM,BNT,0.05801308106773376,0.7439266011756356
12708000,1624687906,142029.43420269014,2448231.1849091803,792657.0065862508,wNXM,BNT,0.05801308106773376,0.7439266011756356
12709000,1624701359,142029.7725773376,2448225.4105200823,792657.0065862508,wNXM,BNT,0.058013356109708,0.7439266100373868
12710000,1624715084,142029.7725773376,2448225.4105200823,792657.0065862508,wNXM,BNT,0.058013356109708,0.7439266100373868
12711000,1624728770,142029.7725773376,2448225.4105200823,792657.0065862508,wNXM,BNT,0.058013356109708,0.7439266100373868
12712000,1624742504,141414.0468296704,2459066.0204890054,792657.0065862508,wNXM,BNT,0.05750721845261766,0.7439539719627422
12713000,1624755598,141513.75054951326,2457491.2146859854,792657.0065862508,wNXM,BNT,0.057584641484708494,0.7439778482556508
12714000,1624768514,141834.99101973712,2451998.597763248,792657.0065862508,wNXM,BNT,0.057844646056943616,0.7439889728601621
12715000,1624781873,141834.99101973712,2451998.597763248,792657.0065862508,wNXM,BNT,0.057844646056943616,0.7439889728601621
12716000,1624796143,142294.1452806784,2431371.2661576187,790575.8408520935,wNXM,BNT,0.058524235792895105,0.744004593647918
12717000,1624809363,142294.1452806784,2431371.2661576187,790575.8408520935,wNXM,BNT,0.058524235792895105,0.744004593647918
12718000,1624822525,142294.1452806784,2431371.2661576187,790575.8408520935,wNXM,BNT,0.058524235792895105,0.744004593647918
12719000,1624836041,142401.77722633185,2429551.9329103185,790575.8408520935,wNXM,BNT,0.058612361932824056,0.7440074074850723
12720000,1624849533,142255.5266928294,2432074.9710363997,790575.8408520935,wNXM,BNT,0.05849142332656336,0.7440112706545653
12721000,1624862589,142255.5266928294,2432074.9710363997,790575.8408520935,wNXM,BNT,0.05849142332656336,0.7440112706545653
12722000,1624876399,141059.8640913562,2452899.356703388,790575.8408520935,wNXM,BNT,0.057507399847393566,0.7440430366402172
12723000,1624889810,140599.10695221755,2461019.214469677,790575.8408520935,wNXM,BNT,0.05713043852951597,0.7440553516045788
12724000,1624903374,140148.8419407805,2469006.010458022,790575.8408520935,wNXM,BNT,0.056763264790425386,0.7440674249968727
12725000,1624916255,138890.58428532764,2491669.409389355,790575.8408520935,wNXM,BNT,0.05574197915740604,0.7441115985398544
12726000,1624929461,139459.63510432764,2481603.9850392686,790575.8408520935,wNXM,BNT,0.056197377158112856,0.7441268282294187
12727000,1624943083,140246.4150733883,2463750.8606307283,789938.1201293138,wNXM,BNT,0.05692394361558326,0.744134100338871
12728000,1624956631,140514.17507338835,2459102.9523980045,789938.1201293138,wNXM,BNT,0.05714041981705783,0.7441412038500583
12729000,1624970366,140614.17507338835,2457371.610645579,789938.1201293138,wNXM,BNT,0.05722137199934829,0.7441438517675355
12730000,1624983860,140786.61507338836,2454391.8410935127,789938.1201293138,wNXM,BNT,0.057361099689226175,0.744148414599566
12731000,1624997334,140634.0560171288,2457081.275483175,789938.1201293138,wNXM,BNT,0.057236224711156,0.7441524916438694
12732000,1625010614,140634.0560171288,2457081.275483175,789938.1201293138,wNXM,BNT,0.057236224711156,0.7441524916438694
12733000,1625024406,140634.0560171288,2457081.275483175,789938.1201293138,wNXM,BNT,0.057236224711156,0.7441524916438694
12734000,1625038132,140634.0560171288,2457081.275483175,789938.1201293138,wNXM,BNT,0.057236224711156,0.7441524916438694
12735000,1625051592,140634.0560171288,2457081.275483175,789938.1201293138,wNXM,BNT,0.057236224711156,0.7441524916438694
12736000,1625064664,140634.0560171288,2457081.275483175,789938.1201293138,wNXM,BNT,0.057236224711156,0.7441524916438694
12737000,1625077864,140634.0560171288,2457081.275483175,789938.1201293138,wNXM,BNT,0.057236224711156,0.7441524916438694
12738000,1625090902,140292.3536368389,2463126.431570826,789938.1201293138,wNXM,BNT,0.05695702495765486,0.7441616426629605
12739000,1625104650,140230.25424560774,2464228.2221991164,789938.1201293138,wNXM,BNT,0.05690635834065078,0.7441633070302387
12740000,1625118607,140676.70134560778,2456485.9902190887,789938.1201293138,wNXM,BNT,0.05726745518017839,0.7441751467777902
12741000,1625132566,140671.14988924438,2451174.552137974,789068.6406446291,wNXM,BNT,0.057389282932358926,0.7441746201584
12742000,1625145263,162564.29908191744,2826027.468788832,910801.2532919471,wNXM,BNT,0.057523962833803816,0.7441785670061509
12743000,1625158598,162823.6890819175,2821570.4218040244,910801.2532919471,wNXM,BNT,0.05770676068322728,0.7441845040941089
12744000,1625172625,162823.6890819175,2821570.4218040244,910801.2532919471,wNXM,BNT,0.05770676068322728,0.7441845040941089
12745000,1625185995,162623.50066194616,2818101.3582558166,909682.1673851934,wNXM,BNT,0.05770676068322728,0.744183910385313
12746000,1625199264,162651.32091955762,2817624.1638360885,909682.1673851934,wNXM,BNT,0.057726407590895305,0.744184546928591
12747000,1625212801,162794.3410722505,2815173.53728144,909682.1673851934,wNXM,BNT,0.05782746211427446,0.7441878180438534
12748000,1625226325,162930.34143955045,2812847.1689366396,909682.1673851934,wNXM,BNT,0.05792363809838419,0.7441909265550137
12749000,1625239721,163160.39143955044,2808920.820570779,909682.1673851934,wNXM,BNT,0.058086504341690874,0.7441961803498817
12750000,1625252767,163300.36242819636,2811330.519522923,910464.0608114521,wNXM,BNT,0.05808650434169088,0.7441949533534244
12751000,1625266337,163300.84433400616,2811322.3061633967,910464.0608114521,wNXM,BNT,0.0580868454591613,0.7441949643341677
12752000,1625279471,163267.8681580854,2811895.8622582983,910464.0608114521,wNXM,BNT,0.05806326982072558,0.7441957234739841
12753000,1625293345,163221.43027663915,2812722.5636838935,910464.0608114521,wNXM,BNT,0.0580296942130204,0.7441992547691605
12754000,1625307200,163221.43027663915,2812722.5636838935,910464.0608114521,wNXM,BNT,0.0580296942130204,0.7441992547691605
12755000,1625320768,163221.43027663915,2812722.5636838935,910464.0608114521,wNXM,BNT,0.0580296942130204,0.7441992547691605
12756000,1625333868,162958.82184590463,2817301.1305414597,910464.0608114521,wNXM,BNT,0.05784217387318672,0.7442053118048261
12757000,1625347340,162584.6020258603,2823851.307455553,910464.0608114521,wNXM,BNT,0.05757548267382324,0.7442139581284198
12758000,1625360475,162416.65850567876,2826821.7560105002,910464.0608114521,wNXM,BNT,0.05745557114110291,0.7442206063691339
12759000,1625373940,162616.65850567873,2823379.853361451,910464.0608114521,wNXM,BNT,0.05759645069085234,0.7442251885242042
12760000,1625387525,161336.84719623634,2846003.785733664,910464.0608114521,wNXM,BNT,0.05668890814726929,0.7442549165480531
12761000,1625401502,161399.84719623634,2844903.9999581524,910464.0608114521,wNXM,BNT,0.05673296786064151,0.7442563696573331
12762000,1625414470,161026.36170898515,2851569.2572713112,910464.0608114521,wNXM,BNT,0.05646938481272327,0.7442650832968907
12763000,1625428106,160551.8127243496,2860083.0526324785,910464.0608114521,wNXM,BNT,0.056135367319691806,0.7442761828810007
12764000,1625441172,160820.36214733677,2855354.817271019,910464.0608114521,wNXM,BNT,0.05632237407925347,0.7442824045566468
12765000,1625454707,170820.36214733674,3032837.387689971,967078.4563078131,wNXM,BNT,0.05632361393350071,0.7442737006021551
12766000,1625468109,170820.36214733674,3032837.387689971,967078.4563078131,wNXM,BNT,0.05632361393350071,0.7442737006021551
12767000,1625481853,170820.36214733674,3032837.387689971,967078.4563078131,wNXM,BNT,0.05632361393350071,0.7442737006021551
12768000,1625495080,171020.36856529253,3029325.986809652,967078.4563078131,wNXM,BNT,0.056454924068902665,0.7442780577841455
12769000,1625508364,170854.07617901976,3032304.2433655565,967078.4563078131,wNXM,BNT,0.05634463512453774,0.7442817164289504
12770000,1625521566,171149.9857394198,3027113.952189674,967078.4563078131,wNXM,BNT,0.056538996695389615,0.7442881592823596
12771000,1625535243,171149.9857394198,3027113.952189674,967078.4563078131,wNXM,BNT,0.056538996695389615,0.7442881592823596
12772000,1625548792,172044.09611979776,3011551.057761527,967078.4563078131,wNXM,BNT,0.05712806883230377,0.7443090398816014
12773000,1625562198,172044.09611979776,3011551.057761527,967078.4563078131,wNXM,BNT,0.05712806883230377,0.7443090398816014
12774000,1625575951,189463.48378992963,3358984.2285617925,1071769.984744906,wNXM,BNT,0.05640499356290569,0.7443293623038288
12775000,1625589417,188695.98256417728,3372784.9047987005,1071769.984744906,wNXM,BNT,0.05594663991045089,0.7443446297008031
12776000,1625602350,187904.5651741143,3387134.3920710287,1071769.984744906,wNXM,BNT,0.055475969779640776,0.7443604499109043
12777000,1625615639,187685.9802523324,3391119.0469373665,1071769.984744906,wNXM,BNT,0.055346325992842366,0.7443648282591222
12778000,1625629488,187880.03805735713,3393264.1117617567,1072670.5868528439,wNXM,BNT,0.0553685277270714,0.7443595753774666
12779000,1625643644,187880.03805735713,3393264.1117617567,1072670.5868528439,wNXM,BNT,0.0553685277270714,0.7443595753774666
12780000,1625657006,188119.86805735715,3388981.371852759,1072670.5868528439,wNXM,BNT,0.05550926588732232,0.7443643262597079
12781000,1625670290,188119.86805735715,3388981.371852759,1072670.5868528439,wNXM,BNT,0.05550926588732232,0.7443643262597079
12782000,1625683478,187941.6308572213,3392227.857652908,1072670.5868528439,wNXM,BNT,0.055403598680207354,0.7443678915823855
12783000,1625696925,187578.743725278,3398856.798388764,1072670.5868528439,wNXM,BNT,0.05518877518293803,0.7443751610960794
12784000,1625710324,185052.570300728,3445727.2351725986,1072670.5868528439,wNXM,BNT,0.05370493880414728,0.7444261772307773
12785000,1625724154,183870.52933755846,3468103.303922857,1072670.5868528439,wNXM,BNT,0.05301760450145126,0.7444502902648552
12786000,1625737754,183918.1595833934,3467214.1326349983,1072670.5868528439,wNXM,BNT,0.05304493825526146,0.7444512544848283
12787000,1625751295,183918.1595833934,3467214.1326349983,1072670.5868528439,wNXM,BNT,0.05304493825526146,0.7444512544848283
12788000,1625764816,184703.15958339343,3452625.554226889,1072670.5868528439,wNXM,BNT,0.05349643530190233,0.7444671352025877
12789000,1625777844,184769.77061339107,3451414.5895081824,1072670.5868528439,wNXM,BNT,0.05353450471440473,0.744470773571077
12790000,1625790864,185569.7706133911,3436684.1711547235,1072670.5868528439,wNXM,BNT,0.05399674842714446,0.744486890118993
12791000,1625804570,185569.7706133911,3436684.1711547235,1072670.5868528439,wNXM,BNT,0.05399674842714446,0.744486890118993
12792000,1625817998,185569.7706133911,3436684.1711547235,1072670.5868528439,wNXM,BNT,0.05399674842714446,0.744486890118993
12793000,1625831511,185569.7706133911,3436684.1711547235,1072670.5868528439,wNXM,BNT,0.05399674842714446,0.744486890118993
12794000,1625845233,185402.6437478777,3439813.4036774444,1072670.5868528439,wNXM,BNT,0.05389904102055855,0.7444902788414567
12795000,1625858565,185402.6437478777,3439813.4036774444,1072670.5868528439,wNXM,BNT,0.05389904102055855,0.7444902788414567
12796000,1625871638,185402.6437478777,3439813.4036774444,1072670.5868528439,wNXM,BNT,0.05389904102055855,0.7444902788414567
12797000,1625884387,186018.23250502988,3428543.878948467,1072670.5868528439,wNXM,BNT,0.05425575377558872,0.7445026373184742
12798000,1625897687,186018.23250502988,3428543.878948467,1072670.5868528439,wNXM,BNT,0.05425575377558872,0.7445026373184742
12799000,1625911275,186018.23250502988,3428543.878948467,1072670.5868528439,wNXM,BNT,0.05425575377558872,0.7445026373184742
12800000,1625924808,186007.93819421672,3428222.9956903444,1072611.223764971,wNXM,BNT,0.05425782932675304,0.7444883980633509
12801000,1625938132,185409.86335485568,3417200.165496396,1069162.446900541,wNXM,BNT,0.054257829326753035,0.7444883909075488
12802000,1625951889,185409.86335485568,3417200.165496396,1069162.446900541,wNXM,BNT,0.054257829326753035,0.7444883909075488
12803000,1625965361,185409.86335485568,3417200.165496396,1069162.446900541,wNXM,BNT,0.054257829326753035,0.7444883909075488
12804000,1625979115,185483.65492777713,3417007.5136234122,1069343.8192933917,wNXM,BNT,0.0542824837780615,0.7444892407896916
12805000,1625993135,185573.02391465084,3415409.4628561013,1069343.8192933917,wNXM,BNT,0.054334048650045985,0.7444944205982611
12806000,1626006576,185568.01056305092,3415502.6664702767,1069343.8192933917,wNXM,BNT,0.05433109813813282,0.7444945221813459
12807000,1626019735,185774.41917217508,3411745.7385874745,1069343.8192933917,wNXM,BNT,0.05445142557695085,0.7444986616264525
12808000,1626032946,185774.41917217508,3411745.7385874745,1069343.8192933917,wNXM,BNT,0.05445142557695085,0.7444986616264525
12809000,1626046111,185920.82680977506,3409085.9473966383,1069343.8192933917,wNXM,BNT,0.05453685523879332,0.7445015952939611
12810000,1626059893,185955.7897082301,3408451.390060562,1069343.8192933917,wNXM,BNT,0.05455726616800188,0.7445022953210072
12811000,1626073138,185986.21249451427,3407899.426337333,1069343.8192933917,wNXM,BNT,0.05457502972568778,0.7445029043320252
12812000,1626086818,186155.03319605425,3404839.7683606776,1069343.8192933917,wNXM,BNT,0.05467365452139382,0.7445062832711331
12813000,1626100488,186155.03319605425,3404839.7683606776,1069343.8192933917,wNXM,BNT,0.05467365452139382,0.7445062832711331
12814000,1626113482,186155.03319605425,3404839.7683606776,1069343.8192933917,wNXM,BNT,0.05467365452139382,0.7445062832711331
12815000,1626126879,186612.8874360543,3396569.5403907644,1069343.8192933917,wNXM,BNT,0.05494157714627126,0.7445154388995545
12816000,1626141081,186490.71043193634,3398817.251325148,1069343.8192933917,wNXM,BNT,0.05486929618214289,0.7445179023449578
12817000,1626155270,186490.71043193634,3398817.251325148,1069343.8192933917,wNXM,BNT,0.05486929618214289,0.7445179023449578
12818000,1626168651,186581.30323193633,3397183.4901578147,1069343.8192933917,wNXM,BNT,0.05492235075688207,0.744519710689174
12819000,1626182238,187081.30323193633,3388194.853674224,1069343.8192933917,wNXM,BNT,0.055215626996499845,0.7445296864304453
12820000,1626195533,187081.30323193633,3388194.853674224,1069343.8192933917,wNXM,BNT,0.055215626996499845,0.7445296864304453
12821000,1626209041,187081.30323193633,3388194.853674224,1069343.8192933917,wNXM,BNT,0.055215626996499845,0.7445296864304453
12822000,1626223044,187081.30323193633,3388194.853674224,1069343.8192933917,wNXM,BNT,0.055215626996499845,0.7445296864304453
12823000,1626236439,187544.08807210438,3379917.708396122,1069343.8192933917,wNXM,BNT,0.05548776752943491,0.7445388924815799
12824000,1626250226,188344.08807210438,3365704.919173745,1069343.8192933917,wNXM,BNT,0.05595977442916815,0.7445547720747023
12825000,1626263612,187608.2618152503,3379039.5614681314,1069343.8192933917,wNXM,BNT,0.05552117943648399,0.7445695212482872
12826000,1626277289,186686.98935745,3395883.6822156655,1069343.8192933917,wNXM,BNT,0.05497449466103176,0.7445880561646869
12827000,1626291016,186686.98935745,3395883.6822156655,1069343.8192933917,wNXM,BNT,0.05497449466103176,0.7445880561646869
12828000,1626304413,186686.98935745,3395883.6822156655,1069343.8192933917,wNXM,BNT,0.05497449466103176,0.7445880561646869
12829000,1626318383,186686.98935745,3395883.6822156655,1069343.8192933917,wNXM,BNT,0.05497449466103176,0.7445880561646869
12830000,1626331450,186686.98935745,3395883.6822156655,1069343.8192933917,wNXM,BNT,0.05497449466103176,0.7445880561646869
12831000,1626344958,186686.98935745,3395883.6822156655,1069343.8192933917,wNXM,BNT,0.05497449466103176,0.7445880561646869
12832000,1626358380,187084.03866847375,3388748.645121152,1069343.8192933917,wNXM,BNT,0.05520741083521267,0.744595973193524
12833000,1626371879,187050.14834013645,3389370.962717478,1069343.8192933917,wNXM,BNT,0.055187275278409255,0.744596888577243
12834000,1626384958,187280.47390193646,3385244.240355052,1069343.8192933917,wNXM,BNT,0.055322588447058126,0.7446014715151875
12835000,1626398854,187280.47390193646,3385244.240355052,1069343.8192933917,wNXM,BNT,0.055322588447058126,0.7446014715151875
12836000,1626412655,187280.47390193646,3385244.240355052,1069343.8192933917,wNXM,BNT,0.055322588447058126,0.7446014715151875
12837000,1626426436,187342.66115510397,3384131.7662985944,1069343.8192933917,wNXM,BNT,0.055359150911552905,0.7446027077540972
12838000,1626439674,189395.910715104,3347809.882502768,1069343.8192933917,wNXM,BNT,0.05657307832950021,0.7446433730184757
12839000,1626453112,189395.910715104,3347809.882502768,1069343.8192933917,wNXM,BNT,0.05657307832950021,0.7446433730184757
12840000,1626467100,189395.910715104,3347809.882502768,1069343.8192933917,wNXM,BNT,0.05657307832950021,0.7446433730184757
12841000,1626480399,189395.910715104,3347809.882502768,1069343.8192933917,wNXM,BNT,0.05657307832950021,0.7446433730184757
12842000,1626493329,189395.910715104,3347809.882502768,1069343.8192933917,wNXM,BNT,0.05657307832950021,0.7446433730184757
12843000,1626507688,189395.910715104,3347809.882502768,1069343.8192933917,wNXM,BNT,0.05657307832950021,0.7446433730184757
12844000,1626521374,188954.2337033267,3355714.516587622,1069343.8192933917,wNXM,BNT,0.05630819688901056,0.7446521594999932
12845000,1626535067,185658.57764491448,3297038.70468779,1050692.377686197,wNXM,BNT,0.056310706143953275,0.7446358660144692
12846000,1626548408,185658.57764491448,3297038.70468779,1050692.377686197,wNXM,BNT,0.056310706143953275,0.7446358660144692
12847000,1626561762,185658.57764491448,3297038.70468779,1050692.377686197,wNXM,BNT,0.056310706143953275,0.7446358660144692
12848000,1626575793,185658.57764491448,3297038.70468779,1050692.377686197,wNXM,BNT,0.056310706143953275,0.7446358660144692
12849000,1626589171,185274.80172976473,3303937.2781996927,1050692.377686197,wNXM,BNT,0.056076973056437836,0.7446436561844538
12850000,1626603267,184700.8104420472,3314950.459585536,1050794.6825347694,wNXM,BNT,0.05571751755986728,0.7446549064280992
12851000,1626616686,184124.5826306112,3325429.898174244,1050794.6825347694,wNXM,BNT,0.05536865556290958,0.7446666765944787
12852000,1626630055,184964.5826306112,3310478.7790789492,1050794.6825347694,wNXM,BNT,0.05587245681788438,0.7446836627259694
12853000,1626643660,186008.9750306112,3292076.7949803607,1050794.6825347694,wNXM,BNT,0.05650201578354155,0.7447046441174742
12854000,1626657216,186883.63257638656,3283521.2309560687,1051882.240071206,wNXM,BNT,0.05691561571598894,0.744712125932774
12855000,1626670500,186883.63257638656,3283521.2309560687,1051882.240071206,wNXM,BNT,0.05691561571598894,0.744712125932774
12856000,1626683744,186883.63257638656,3283521.2309560687,1051882.240071206,wNXM,BNT,0.05691561571598894,0.744712125932774
12857000,1626697963,186444.2046461583,3291338.429743948,1051882.240071206,wNXM,BNT,0.056646926053320765,0.7447209854825367
12858000,1626710429,186444.2046461583,3291338.429743948,1051882.240071206,wNXM,BNT,0.056646926053320765,0.7447209854825367
12859000,1626724421,185922.68980382956,3300664.18321141,1051882.240071206,wNXM,BNT,0.05632887185237199,0.7447315359550353
12860000,1626737436,186609.85035668625,3280801.6212403025,1050618.832527334,wNXM,BNT,0.0568793459344057,0.7447527000749912
12861000,1626751301,186402.16105091723,3284531.2584188087,1050618.832527334,wNXM,BNT,0.056751525982021635,0.7447611088133238
12862000,1626765030,185848.11258470226,3292252.2735527246,1050274.4224304128,wNXM,BNT,0.056450143288731165,0.7447711436231825
12863000,1626778619,185848.11258470226,3292252.2735527246,1050274.4224304128,wNXM,BNT,0.056450143288731165,0.7447711436231825
12864000,1626792196,185848.11258470226,3292252.2735527246,1050274.4224304128,wNXM,BNT,0.056450143288731165,0.7447711436231825
12865000,1626805225,184271.9325139545,3320698.8383242167,1050274.4224304128,wNXM,BNT,0.055491913445227366,0.7448032296703799
12866000,1626818817,184142.36919922248,3323058.912789621,1050274.4224304128,wNXM,BNT,0.0554135132815445,0.7448058763842892
12867000,1626832399,184258.84332142244,3320979.338972267,1050274.4224304128,wNXM,BNT,0.05548328505363253,0.7448082319115331
12868000,1626846369,184258.84332142244,3320979.338972267,1050274.4224304128,wNXM,BNT,0.05548328505363253,0.7448082319115331
12869000,1626859998,184258.84332142244,3320979.338972267,1050274.4224304128,wNXM,BNT,0.05548328505363253,0.7448082319115331
12870000,1626873224,184035.55266150908,3325556.113453806,1050360.0338389464,wNXM,BNT,0.055339782695886075,0.7448088295606028
12871000,1626886745,184074.3106039613,3324949.496902612,1050360.0338389464,wNXM,BNT,0.05536153579939709,0.7448193131641629
12872000,1626900461,183138.3759649047,3308043.6321078213,1045020.9036205346,wNXM,BNT,0.05536153579939708,0.7448182614385201
12873000,1626913511,183374.87326270467,3303819.934867206,1045020.9036205346,wNXM,BNT,0.055503894545655755,0.744823070559945
12874000,1626926956,184442.2063656247,3284892.182236644,1045020.9036205346,wNXM,BNT,0.056148633237648675,0.7448447078251914
12875000,1626941432,184645.7862886279,3278946.432010924,1044646.8161826453,wNXM,BNT,0.05631253517471698,0.7448475206708148
12876000,1626954530,184725.49628862788,3277545.6986141102,1044646.8161826453,wNXM,BNT,0.05636092163924302,0.7448491283904654
12877000,1626967441,184797.54340019246,3276348.980180295,1044646.8161826453,wNXM,BNT,0.05640349807608809,0.7448583472432867
12878000,1626981164,184797.54340019246,3276348.980180295,1044646.8161826453,wNXM,BNT,0.05640349807608809,0.7448583472432867
12879000,1626994406,184797.54340019246,3276348.980180295,1044646.8161826453,wNXM,BNT,0.05640349807608809,0.7448583472432867
12880000,1627007731,184777.49046738617,3276708.1371262786,1044646.8161826453,wNXM,BNT,0.05639119589987003,0.744858755504094
12881000,1627021382,184777.49046738617,3276708.1371262786,1044646.8161826453,wNXM,BNT,0.05639119589987003,0.744858755504094
12882000,1627034493,184777.49046738617,3276708.1371262786,1044646.8161826453,wNXM,BNT,0.05639119589987003,0.744858755504094
12883000,1627048270,184777.49046738617,3276708.1371262786,1044646.8161826453,wNXM,BNT,0.05639119589987003,0.744858755504094
12884000,1627062030,184777.49046738617,3276708.1371262786,1044646.8161826453,wNXM,BNT,0.05639119589987003,0.744858755504094
12885000,1627075311,184777.49046738617,3276708.1371262786,1044646.8161826453,wNXM,BNT,0.05639119589987003,0.744858755504094
12886000,1627089409,184777.49046738617,3276708.1371262786,1044646.8161826453,wNXM,BNT,0.05639119589987003,0.744858755504094
12887000,1627102472,185232.2829844362,3268743.4341374766,1044646.8161826453,wNXM,BNT,0.056667733860645886,0.7448679220455103
12888000,1627116195,185232.2829844362,3268743.4341374766,1044646.8161826453,wNXM,BNT,0.056667733860645886,0.7448679220455103
12889000,1627129993,185232.2829844362,3268743.4341374766,1044646.8161826453,wNXM,BNT,0.056667733860645886,0.7448679220455103
12890000,1627142840,184796.66241312158,3283085.402189028,1045690.1566241882,wNXM,BNT,0.05628749781833475,0.7448779728869509
12891000,1627156204,184384.7287724365,3290541.9489357006,1045690.1566241882,wNXM,BNT,0.056034760119704374,0.7448917603730836
12892000,1627169767,184384.7287724365,3290541.9489357006,1045690.1566241882,wNXM,BNT,0.056034760119704374,0.7448917603730836
12893000,1627183113,184384.7287724365,3290541.9489357006,1045690.1566241882,wNXM,BNT,0.056034760119704374,0.7448917603730836
12894000,1627196647,184384.7287724365,3290541.9489357006,1045690.1566241882,wNXM,BNT,0.056034760119704374,0.7448917603730836
12895000,1627210265,184384.7287724365,3290541.9489357006,1045690.1566241882,wNXM,BNT,0.056034760119704374,0.7448917603730836
12896000,1627224012,187494.98655986378,3228611.4391656453,1044416.4001266867,wNXM,BNT,0.05807294872507707,0.7449532815699638
12897000,1627237705,188396.0378438656,3213323.930286333,1044416.4001266867,wNXM,BNT,0.05862964392359846,0.7449711489468662
12898000,1627250684,186698.13785484404,3243054.2130092694,1044416.4001266867,wNXM,BNT,0.05756861451958417,0.7450294063144448
12899000,1627264336,186973.58606677898,3238391.8682620237,1044416.4001266867,wNXM,BNT,0.05773655371952368,0.7450426697855738
12900000,1627277650,187276.35219039905,3233208.7562198834,1044416.4001266867,wNXM,BNT,0.05792275300199106,0.7450486997082123
12901000,1627290917,187276.35219039905,3233208.7562198834,1044416.4001266867,wNXM,BNT,0.05792275300199106,0.7450486997082123
12902000,1627304978,187356.04219039908,3231847.29566199,1044416.4001266867,wNXM,BNT,0.057971811490561874,0.7450502848754539
12903000,1627318673,187356.04219039908,3231847.29566199,1044416.4001266867,wNXM,BNT,0.057971811490561874,0.7450502848754539
12904000,1627332248,186729.24197375955,3215032.990732276,1039966.3427759218,wNXM,BNT,0.05808003915108471,0.7450400169914734
12905000,1627346078,187027.52555613362,3209956.7238056613,1039966.3427759218,wNXM,BNT,0.058264812160581866,0.7450459676480348
12906000,1627359705,187076.86204586402,3209118.6494695023,1039966.3427759218,wNXM,BNT,0.058295402096394784,0.7450469503357
12907000,1627373483,187076.86204586402,3209118.6494695023,1039966.3427759218,wNXM,BNT,0.058295402096394784,0.7450469503357
12908000,1627387823,187076.86204586402,3209118.6494695023,1039966.3427759218,wNXM,BNT,0.058295402096394784,0.7450469503357
12909000,1627401302,187076.86204586402,3209118.6494695023,1039966.3427759218,wNXM,BNT,0.058295402096394784,0.7450469503357
12910000,1627414962,186929.13001481976,3211687.6480552214,1039966.3427759218,wNXM,BNT,0.05820277389926485,0.7450507546980589
12911000,1627428777,186929.13001481976,3211687.6480552214,1039966.3427759218,wNXM,BNT,0.05820277389926485,0.7450507546980589
12912000,1627442183,187073.16052981975,3209239.6474205395,1039966.3427759218,wNXM,BNT,0.05829205079158915,0.7450536250328531
12913000,1627455648,187555.43959406027,3201069.918764195,1039966.3427759218,wNXM,BNT,0.05859148483281738,0.7450632254214835
12914000,1627469416,188804.1017417741,3083443.329236084,1023927.4683012238,wNXM,BNT,0.06123157833049906,0.7451685279450051
12915000,1627483191,188804.1017417741,3083443.329236084,1023927.4683012238,wNXM,BNT,0.06123157833049906,0.7451685279450051
12916000,1627497307,188148.983023679,3094288.444800356,1023927.4683012238,wNXM,BNT,0.060805250182750306,0.7451816323981739
12917000,1627510773,188148.983023679,3094288.444800356,1023927.4683012238,wNXM,BNT,0.060805250182750306,0.7451816323981739
12918000,1627524294,188055.32877468516,3095845.018280877,1023927.4683012238,wNXM,BNT,0.06074442604982607,0.7451835067038972
12919000,1627538153,188055.32877468516,3095845.018280877,1023927.4683012238,wNXM,BNT,0.06074442604982607,0.7451835067038972
12920000,1627551793,188055.32877468516,3095845.018280877,1023927.4683012238,wNXM,BNT,0.06074442604982607,0.7451835067038972
12921000,1627565660,188055.32877468516,3095845.018280877,1023927.4683012238,wNXM,BNT,0.06074442604982607,0.7451835067038972
12922000,1627579360,188374.66438836977,3090669.298324911,1023927.4683012238,wNXM,BNT,0.06094947281822276,0.7451922354176377
12923000,1627592997,188693.20885836976,3085503.9271738166,1023927.4683012238,wNXM,BNT,0.06115474597084836,0.7451985360489601
12924000,1627606600,189437.38798236975,3073504.0666081826,1023927.4683012238,wNXM,BNT,0.06163563928237342,0.745213220251656
12925000,1627620899,189358.07169862266,3075034.5897789192,1023927.4683012238,wNXM,BNT,0.06157916802888277,0.7452426820253324
12926000,1627634975,191274.03334477672,3044779.728976593,1023927.4683012238,wNXM,BNT,0.06282031883109898,0.7453096665190521
12927000,1627648597,188891.94660836316,3083649.2345019053,1023927.4683012238,wNXM,BNT,0.06125597700766846,0.7453667457247092
12928000,1627661759,190468.93154919587,3058399.672525616,1023927.4683012238,wNXM,BNT,0.062277318841035344,0.7454010468258617
12929000,1627675480,190854.0899982311,3052289.273385501,1023927.4683012238,wNXM,BNT,0.06252817898434046,0.745408579624115
12930000,1627689096,191078.21731623114,3048744.8589355936,1023927.4683012238,wNXM,BNT,0.06267438770948584,0.7454129564214707
12931000,1627702766,190723.95059895123,3054465.1635203008,1023927.4683012238,wNXM,BNT,0.06244102989838654,0.7454199494126007
12932000,1627716529,190863.82872116944,3050104.278735882,1023614.1120452504,wNXM,BNT,0.06257616503533875,0.7453888548820561
12933000,1627730136,191772.8287211694,3035791.4099119664,1023614.1120452504,wNXM,BNT,0.06317062104300854,0.7454066044579327
12934000,1627743620,191736.87278207226,3035222.2222341583,1023425.1853645347,wNXM,BNT,0.06317062104300854,0.7454044244203061
12935000,1627757025,190758.12937297544,3050953.3263810254,1023425.1853645347,wNXM,BNT,0.06252410606334925,0.7454237215114586
12936000,1627771571,190758.12937297544,3050953.3263810254,1023425.1853645347,wNXM,BNT,0.06252410606334925,0.7454237215114586
12937000,1627784945,189603.54382193947,3069720.4214084237,1023425.1853645347,wNXM,BNT,0.06176573687285409,0.7454465971232348
12938000,1627798644,188853.43549240366,3100372.000743123,1026455.2962564158,wNXM,BNT,0.06091315346904749,0.745468518960278
12939000,1627812281,189399.68474810064,3091519.5454621366,1026455.2962564158,wNXM,BNT,0.061264268901715185,0.7454792923340379
12940000,1627825976,191199.6847481006,3062705.3613679847,1026455.2962564158,wNXM,BNT,0.062428363877189794,0.7455146041430838
12941000,1627839435,191494.53528474044,3058324.2767928215,1026455.2962564158,wNXM,BNT,0.06261420240418565,0.745555397446811
12942000,1627852776,191407.86872877087,3059723.0331547232,1026455.2962564158,wNXM,BNT,0.06255725327250292,0.7455571023823712
12943000,1627866777,190796.81921497927,3069621.364658435,1026455.2962564158,wNXM,BNT,0.06215646705215376,0.7455691501841892
12944000,1627880599,191936.76358624132,3051572.6826037006,1026455.2962564158,wNXM,BNT,0.06289765427526198,0.7455914224281728
12945000,1627894288,191783.1859777589,3049009.5864265836,1025633.9648035923,wNXM,BNT,0.06290015840931722,0.7455765927516108
12946000,1627908110,191514.91906610527,3022638.6017492153,1020455.7972345735,wNXM,BNT,0.06336017774512463,0.7455902506927519
12947000,1627921846,189966.98653989326,3047518.4027107693,1020455.7972345735,wNXM,BNT,0.06233497601554022,0.7456208398836321
12948000,1627934875,188938.7953815652,3064271.010445063,1020455.7972345735,wNXM,BNT,0.061658644009468085,0.7456413087669287
12949000,1627948173,188938.7953815652,3064271.010445063,1020455.7972345735,wNXM,BNT,0.061658644009468085,0.7456413087669287
12950000,1627961940,188153.71247284385,3077186.381882044,1020455.7972345735,wNXM,BNT,0.06114472414822231,0.7456570005414971
12951000,1627975765,188653.71247284385,3069112.290791731,1020455.7972345735,wNXM,BNT,0.06146849466500861,0.7456669080266729
12952000,1627989516,188491.91539423104,3071799.2469843244,1020455.7972345735,wNXM,BNT,0.061362055342411806,0.7456732803777375
12953000,1628003328,188491.91539423104,3071799.2469843244,1020455.7972345735,wNXM,BNT,0.061362055342411806,0.7456732803777375
12954000,1628016343,188491.91539423104,3071799.2469843244,1020455.7972345735,wNXM,BNT,0.061362055342411806,0.7456732803777375
12955000,1628030318,186692.6686448656,3085910.3146921713,1017880.4039092915,wNXM,BNT,0.06049841038996259,0.745690359457936
12956000,1628043273,185793.7931957828,3080294.042332426,1014499.331056414,wNXM,BNT,0.060316901777045316,0.7456927551068544
12957000,1628057545,185793.7931957828,3080294.042332426,1014499.331056414,wNXM,BNT,0.060316901777045316,0.7456927551068544
12958000,1628071506,185144.347862332,3091208.5590836094,1014499.331056414,wNXM,BNT,0.05989383903531186,0.7457059661897241
12959000,1628084791,185144.347862332,3091208.5590836094,1014499.331056414,wNXM,BNT,0.05989383903531186,0.7457059661897241
12960000,1628098337,185086.39680544293,3092186.2044499046,1014499.331056414,wNXM,BNT,0.059856161488298705,0.7457071453974546
12961000,1628111690,185086.39680544293,3092186.2044499046,1014499.331056414,wNXM,BNT,0.059856161488298705,0.7457071453974546
12962000,1628125830,185493.83705670643,3085493.0687618563,1014499.331056414,wNXM,BNT,0.06011805339466901,0.745719097080213
12963000,1628139282,184746.8317945117,3098103.7506509353,1014499.331056414,wNXM,BNT,0.05963222882890703,0.7457353209710792
12964000,1628153594,184746.8317945117,3098103.7506509353,1014499.331056414,wNXM,BNT,0.05963222882890703,0.7457353209710792
12965000,1628166822,184746.8317945117,3098103.7506509353,1014499.331056414,wNXM,BNT,0.05963222882890703,0.7457353209710792
12966000,1628180553,182940.0398032631,3129012.943460495,1014499.331056414,wNXM,BNT,0.05846573443730875,0.7457723875589477
12967000,1628193763,183423.68558881307,3120844.965704535,1014499.331056414,wNXM,BNT,0.05877372557896509,0.7457822456329024
12968000,1628207247,183423.68558881307,3120844.965704535,1014499.331056414,wNXM,BNT,0.05877372557896509,0.7457822456329024
12969000,1628220556,183423.68558881307,3120844.965704535,1014499.331056414,wNXM,BNT,0.05877372557896509,0.7457822456329024
12970000,1628233655,183423.68558881307,3120844.965704535,1014499.331056414,wNXM,BNT,0.05877372557896509,0.7457822456329024
12971000,1628247301,183705.68558881307,3116102.1606346588,1014499.331056414,wNXM,BNT,0.05895367870461526,0.7457879767314439
12972000,1628260875,183705.68558881307,3116102.1606346588,1014499.331056414,wNXM,BNT,0.05895367870461526,0.7457879767314439
12973000,1628274328,183705.68558881307,3116102.1606346588,1014499.331056414,wNXM,BNT,0.05895367870461526,0.7457879767314439
12974000,1628287727,183191.35609787828,3124939.5758196265,1014499.331056414,wNXM,BNT,0.058622367458042716,0.7457985521088248
12975000,1628300363,183590.99763724828,3118205.219986251,1014499.331056414,wNXM,BNT,0.05887713754711044,0.7458066870574996
12976000,1628313978,183590.99763724828,3118205.219986251,1014499.331056414,wNXM,BNT,0.05887713754711044,0.7458066870574996
12977000,1628326911,184004.64986311126,3111265.4035976045,1014499.331056414,wNXM,BNT,0.05914141868139691,0.7458150860452035
12978000,1628340413,184391.7044187406,3104986.1898224945,1014499.331056414,wNXM,BNT,0.05938567618211593,0.7458453059559601
12979000,1628353461,184471.93006803046,3103649.354794572,1014499.331056414,wNXM,BNT,0.05943710418931668,0.7458469284763181
12980000,1628366436,185202.9528650305,3091521.169512589,1014499.331056414,wNXM,BNT,0.059906739339659676,0.7458616897631516
12981000,1628379643,185202.9528650305,3091521.169512589,1014499.331056414,wNXM,BNT,0.059906739339659676,0.7458616897631516
12982000,1628393950,184466.28065481904,3103992.4729230055,1014499.331056414,wNXM,BNT,0.0594287139108648,0.7458767337708051
12983000,1628407230,184466.28065481904,3103992.4729230055,1014499.331056414,wNXM,BNT,0.0594287139108648,0.7458767337708051
12984000,1628420024,185366.100908699,3089075.300048606,1014499.331056414,wNXM,BNT,0.060006986850007285,0.7458949037126403
12985000,1628433139,186200.49339775604,3072462.3681967976,1014045.864732848,wNXM,BNT,0.060603018388484135,0.7458922616598274
12986000,1628446294,186573.32312663604,3066384.059467517,1014045.864732848,wNXM,BNT,0.06084473422387763,0.745899729132458
12987000,1628459735,185912.71099639175,3065540.2452172725,1012103.0947831428,wNXM,BNT,0.060645986066059636,0.7459046251487056
12988000,1628472941,185912.71099639175,3065540.2452172725,1012103.0947831428,wNXM,BNT,0.060645986066059636,0.7459046251487056
12989000,1628486163,185912.71099639175,3065540.2452172725,1012103.0947831428,wNXM,BNT,0.060645986066059636,0.7459046251487056
12990000,1628500025,185912.71099639175,3065540.2452172725,1012103.0947831428,wNXM,BNT,0.060645986066059636,0.7459046251487056
12991000,1628512998,187248.17099639174,3043895.0738152526,1012103.0947831428,wNXM,BNT,0.06151597425521398,0.7459313811519911
12992000,1628526306,187838.70511355795,3034421.222663735,1012103.0947831428,wNXM,BNT,0.06190264677514538,0.7459431387039742
12993000,1628539077,187838.70511355795,3034421.222663735,1012103.0947831428,wNXM,BNT,0.06190264677514538,0.7459431387039742
12994000,1628552727,188123.36511430834,3029875.585477595,1012103.0947831428,wNXM,BNT,0.06208946862900798,0.7459487908769337
12995000,1628566396,188123.36511430834,3029875.585477595,1012103.0947831428,wNXM,BNT,0.06208946862900798,0.7459487908769337
12996000,1628579861,189596.73535661443,3006714.782601032,1012103.0947831428,wNXM,BNT,0.06305777204201563,0.7459965020294176
12997000,1628593374,189596.73535661443,3006714.782601032,1012103.0947831428,wNXM,BNT,0.06305777204201563,0.7459965020294176
12998000,1628606016,189596.73535661443,3006714.782601032,1012103.0947831428,wNXM,BNT,0.06305777204201563,0.7459965020294176
12999000,1628619063,189360.28541257692,3010507.1605139696,1012103.0947831428,wNXM,BNT,0.06289979572088057,0.7460012053416869
13000000,1628632419,190665.09495535196,2990173.113467094,1012103.0947831428,wNXM,BNT,0.0637638985169914,0.7460346693780133
13001000,1628645941,190404.92417858273,2994300.2370119314,1012103.0947831428,wNXM,BNT,0.06358912236823365,0.7460398178535499
13002000,1628659479,190404.92417858273,2994300.2370119314,1012103.0947831428,wNXM,BNT,0.06358912236823365,0.7460398178535499
13003000,1628673240,191171.21266545748,2982435.8291891874,1012103.0947831428,wNXM,BNT,0.06409901959816174,0.7460570672582254
13004000,1628686532,190831.3826760155,2987800.6311060423,1012103.0947831428,wNXM,BNT,0.06387018621298449,0.7460637742998331
13005000,1628700447,191331.38267601546,2980070.789342959,1012103.0947831428,wNXM,BNT,0.06420363682642583,0.7460735480969539
13006000,1628712956,192011.38267601552,2969622.535560157,1012103.0947831428,wNXM,BNT,0.06465851480339625,0.7460868058672687
13007000,1628726747,192511.38267601546,2961986.814832017,1012103.0947831428,wNXM,BNT,0.06499400392737176,0.746096519900084
13008000,1628739985,192511.38267601546,2961986.814832017,1012103.0947831428,wNXM,BNT,0.06499400392737176,0.746096519900084
13009000,1628753154,192511.38267601546,2961986.814832017,1012103.0947831428,wNXM,BNT,0.06499400392737176,0.746096519900084
13010000,1628766502,193428.2390360155,2948087.2325664777,1012103.0947831428,wNXM,BNT,0.06561143676458488,0.746114278381185
13011000,1628779820,193428.2390360155,2948087.2325664777,1012103.0947831428,wNXM,BNT,0.06561143676458488,0.746114278381185
13012000,1628793253,191436.70343409744,2979069.5316256606,1012103.0947831428,wNXM,BNT,0.06426056908098804,0.7461534830019662
13013000,1628806450,193132.2454659223,2953220.922905698,1012103.0947831428,wNXM,BNT,0.06539715466863817,0.7461920374731985
13014000,1628820279,193132.2454659223,2953220.922905698,1012103.0947831428,wNXM,BNT,0.06539715466863817,0.7461920374731985
13015000,1628833621,192635.14491443223,2960918.973896564,1012103.0947831428,wNXM,BNT,0.06505924228683797,0.7462017627647881
13016000,1628847101,192635.14491443223,2960918.973896564,1012103.0947831428,wNXM,BNT,0.06505924228683797,0.7462017627647881
13017000,1628860314,191041.8520417458,2985864.562505142,1012103.0947831428,wNXM,BNT,0.06398208895364683,0.7462331867491183
13018000,1628873285,191041.8520417458,2985864.562505142,1012103.0947831428,wNXM,BNT,0.06398208895364683,0.7462331867491183
13019000,1628886512,193343.43479000276,2950737.153869136,1012103.0947831428,wNXM,BNT,0.06552377413097686,0.7462858797451947
13020000,1628899807,192909.94887920667,2957434.813706261,1012103.0947831428,wNXM,BNT,0.0652288084204472,0.7462943446496993
13021000,1628913599,191849.5633573868,2973946.8510712227,1012103.0947831428,wNXM,BNT,0.06451008473412433,0.7463151471109252
13022000,1628927347,186240.31442930814,2840662.405734528,974602.0546096613,wNXM,BNT,0.06556228366078962,0.7463101313970243
13023000,1628940588,187306.41812740325,2824719.4434496337,974602.0546096613,wNXM,BNT,0.0663097422159062,0.7463399111701267
13024000,1628953791,187306.41812740325,2824719.4434496337,974602.0546096613,wNXM,BNT,0.0663097422159062,0.7463399111701267
13025000,1628967285,187306.41812740325,2824719.4434496337,974602.0546096613,wNXM,BNT,0.0663097422159062,0.7463399111701267
13026000,1628980053,186783.4505102548,2832708.3207290224,974602.0546096613,wNXM,BNT,0.06593811623435498,0.7463504577519506
13027000,1628993257,186078.54804021856,2843547.834105595,974602.0546096613,wNXM,BNT,0.06543886682980574,0.7463647171994403
13028000,1629006886,184212.83351143467,2872639.9793192246,974602.0546096613,wNXM,BNT,0.06412666913975434,0.7464027296450394
13029000,1629020654,182235.57939814206,2904124.973288944,974602.0546096613,wNXM,BNT,0.06275059822641132,0.7464434544480648
13030000,1629033564,178540.4710000389,2965171.6165229315,974602.0546096613,wNXM,BNT,0.060212525307186765,0.7465620894461558
13031000,1629046896,178940.48881305894,2958609.321659388,974602.0546096613,wNXM,BNT,0.060481283386444894,0.7465704527169567
13032000,1629060028,179240.9688864824,2954006.9619843685,974602.0546096613,wNXM,BNT,0.06067723305772997,0.7466156276931978
13033000,1629073570,178908.8697945918,2959545.820591457,974602.0546096613,wNXM,BNT,0.06045146135255218,0.7466226273026505
13034000,1629086979,178908.8697945918,2959545.820591457,974602.0546096613,wNXM,BNT,0.06045146135255218,0.7466226273026505
13035000,1629099975,178908.8697945918,2959545.820591457,974602.0546096613,wNXM,BNT,0.06045146135255218,0.7466226273026505
13036000,1629113402,178908.8697945918,2959545.820591457,974602.0546096613,wNXM,BNT,0.06045146135255218,0.7466226273026505
13037000,1629126892,178108.99835263233,2964718.610663229,973295.5606069823,wNXM,BNT,0.060076189933178197,0.7466033391622287
13038000,1629140329,178353.52175243612,2960864.054453889,973295.5606069823,wNXM,BNT,0.06023698436412414,0.746629827799686
13039000,1629153458,178190.58300458136,2928233.4634773824,967447.9588444692,wNXM,BNT,0.0608525874822063,0.7466509317840487
13040000,1629166846,177506.58990943004,2939631.2009188714,967447.9588444692,wNXM,BNT,0.060383965802902395,0.7466654430230388
13041000,1629180227,176775.89971433673,2951905.031394115,967447.9588444692,wNXM,BNT,0.059885361430767184,0.7466810097666725
13042000,1629193677,176611.28675237807,2954684.2125103795,967447.9588444692,wNXM,BNT,0.059773320615648586,0.7466845247118618
13043000,1629207059,176815.44350863853,2951395.6568956147,967447.9588444692,wNXM,BNT,0.059909095242967,0.746700086475757
13044000,1629220470,174545.04656648304,2990358.4291486135,967447.9588444692,wNXM,BNT,0.05836927268152863,0.7467715684991624
13045000,1629233297,171473.3533214113,3044683.062957525,967447.9588444692,wNXM,BNT,0.056318950043636594,0.7468643907359018
13046000,1629246303,170737.01701553748,3055746.599012955,967131.5075781625,wNXM,BNT,0.05587407577273839,0.7468561837094257
13047000,1629259648,170737.01701553748,3055746.599012955,967131.5075781625,wNXM,BNT,0.05587407577273839,0.7468561837094257
13048000,1629272944,170475.75000502737,3056785.7509124866,966552.2896285268,wNXM,BNT,0.055769610269263505,0.7468587115216034
13049000,1629286647,170622.737444475,3054207.359836498,966552.2896285268,wNXM,BNT,0.05586481772266079,0.7468654310883727
13050000,1629299921,170823.667444475,3050650.797241556,966552.2896285268,wNXM,BNT,0.055995811647447914,0.7468698287211711
13051000,1629313590,171146.70827836005,3044950.249802035,966552.2896285268,wNXM,BNT,0.056206733850409224,0.7468768906322999
13052000,1629326873,171715.83435765424,3034962.2373403115,966552.2896285268,wNXM,BNT,0.05657923259965744,0.7468896893106123
13053000,1629340698,171587.82266983364,3037391.7723539397,966552.2896285268,wNXM,BNT,0.05649183099513543,0.7469100168777975
13054000,1629353348,171587.82266983364,3037391.7723539397,966552.2896285268,wNXM,BNT,0.05649183099513543,0.7469100168777975
13055000,1629366921,169983.58769724736,3066348.6552492846,966552.2896285268,wNXM,BNT,0.05543517936430756,0.7469454890229205
13056000,1629380027,168950.78035262096,3047638.7894794852,960678.2443290459,wNXM,BNT,0.055436615696007906,0.746936859898647
13057000,1629393286,169048.46948500318,3046074.274298659,960678.2443290459,wNXM,BNT,0.05549715938030619,0.7469609708394395
13058000,1629405992,169526.70628300024,3037805.056984766,960678.2443290459,wNXM,BNT,0.055805656749833496,0.7470007825426132
13059000,1629419652,168906.17995867005,3049078.3620793624,960678.2443290459,wNXM,BNT,0.05539581470234241,0.7470146297038595
13060000,1629433653,168444.0084163474,3057529.0481742853,960678.2443290459,wNXM,BNT,0.055091548031875236,0.7470249790222032
13061000,1629447234,167990.20140253787,3065991.5382177085,960678.2443290459,wNXM,BNT,0.05479147587608551,0.747049699913685
13062000,1629460737,168265.03140253786,3061033.855356786,960678.2443290459,wNXM,BNT,0.05497000012204221,0.7470558074680564
13063000,1629474654,170103.34661453788,3028283.2552641174,960678.2443290459,wNXM,BNT,0.05617154416412146,0.7470965327500542
13064000,1629487721,166577.52746223615,3093093.4400679246,960678.2443290459,wNXM,BNT,0.05385467031302426,0.747182634885556
13065000,1629499883,167178.88654123613,3082078.4325387343,960678.2443290459,wNXM,BNT,0.05424225573764178,0.7471961090621472
13066000,1629512965,167702.9653472061,3072543.1243128376,960678.2443290459,wNXM,BNT,0.054581159177289736,0.7472078206659234
13067000,1629526633,167702.9653472061,3072543.1243128376,960678.2443290459,wNXM,BNT,0.054581159177289736,0.7472078206659234
13068000,1629540714,167672.29422218996,3073110.8414373486,960678.2443290459,wNXM,BNT,0.05456109553919202,0.7472085109776005
13069000,1629553802,167672.29422218996,3073110.8414373486,960678.2443290459,wNXM,BNT,0.05456109553919202,0.7472085109776005
13070000,1629567080,168094.12828948995,3065475.9081366477,960678.2443290459,wNXM,BNT,0.05483459447302136,0.7472179043160329
13071000,1629580640,169222.66302715996,3045236.3369367095,960678.2443290459,wNXM,BNT,0.055569632141387715,0.7472429194439194
13072000,1629593853,170006.74570697473,3029360.3195592696,960384.2504867533,wNXM,BNT,0.05611968461107604,0.7472458537012334
13073000,1629606988,170557.12695690544,3019682.352857188,960384.2504867533,wNXM,BNT,0.05648181067638664,0.7472579376177423
13074000,1629620843,170997.24695690547,3011987.8253209963,960384.2504867533,wNXM,BNT,0.05677222381822934,0.7472675712636885
13075000,1629633650,170997.24695690547,3011987.8253209963,960384.2504867533,wNXM,BNT,0.05677222381822934,0.7472675712636885
13076000,1629647419,171431.6533213697,3004431.738345374,960384.2504867533,wNXM,BNT,0.05705959337780861,0.7472770558002716
13077000,1629660359,173209.94555480732,2973893.9003222524,960384.2504867533,wNXM,BNT,0.05824348526221403,0.7473157207316854
13078000,1629673139,173876.77555480727,2962602.6946641444,960384.2504867533,wNXM,BNT,0.05869054796580438,0.7473300858051486
13079000,1629686677,173876.77555480727,2962602.6946641444,960384.2504867533,wNXM,BNT,0.05869054796580438,0.7473300858051486
13080000,1629700734,174609.10926280732,2950301.230819029,960384.2504867533,wNXM,BNT,0.05918348521121497,0.7473458019166412
13081000,1629714323,175496.2192628073,2935536.805242123,960384.2504867533,wNXM,BNT,0.05978334829575825,0.7473647634149044
13082000,1629727731,175657.21926280737,2932873.1157795605,960384.2504867533,wNXM,BNT,0.05989253961166251,0.7473681907862855
13083000,1629741045,175809.93926280734,2930350.907420472,960384.2504867533,wNXM,BNT,0.05999620687666012,0.7473714396656224
13084000,1629754145,175764.65523579123,2931113.51138683,960384.2504867533,wNXM,BNT,0.05996514790470526,0.747372412156753
13085000,1629767433,175764.65523579123,2931113.51138683,960384.2504867533,wNXM,BNT,0.05996514790470526,0.747372412156753
13086000,1629781242,175844.6552357912,2929793.3450741805,960384.2504867533,wNXM,BNT,0.06001947390980197,0.7473741130028321
13087000,1629794357,177729.43753579122,2899033.1933037792,960384.2504867533,wNXM,BNT,0.06130645138741866,0.7474140333450816
13088000,1629807853,177809.43753579122,2897741.903976894,960384.2504867533,wNXM,BNT,0.061361378420819165,0.7474157154821608
13089000,1629820739,177809.43753579122,2897741.903976894,960384.2504867533,wNXM,BNT,0.061361378420819165,0.7474157154821608
13090000,1629833581,177809.43753579122,2897741.903976894,960384.2504867533,wNXM,BNT,0.061361378420819165,0.7474157154821608
13091000,1629847039,177809.43753579122,2897741.903976894,960384.2504867533,wNXM,BNT,0.061361378420819165,0.7474157154821608
13092000,1629860654,177809.43753579122,2897741.903976894,960384.2504867533,wNXM,BNT,0.061361378420819165,0.7474157154821608
13093000,1629874160,177809.43753579122,2897741.903976894,960384.2504867533,wNXM,BNT,0.061361378420819165,0.7474157154821608
13094000,1629886854,178125.82265474327,2892646.4361817967,960384.2504867533,wNXM,BNT,0.061578843659117845,0.7474223650211679
13095000,1629900681,178125.82265474327,2892646.4361817967,960384.2504867533,wNXM,BNT,0.061578843659117845,0.7474223650211679
13096000,1629914909,176069.39294711477,2926775.1611203747,960384.2504867533,wNXM,BNT,0.06015815471104213,0.747466243864359
13097000,1629928026,134671.08364606003,2267873.806318916,739356.1721162355,wNXM,BNT,0.059382088752394244,0.7474685377362376
13098000,1629941058,134989.88054532322,2262571.471836576,739356.1721162355,wNXM,BNT,0.05966215088699459,0.7474773844855974
13099000,1629954476,135957.97921135326,2246621.380361879,739356.1721162355,wNXM,BNT,0.06051664085447881,0.7475041214784286
13100000,1629968146,137931.4025271533,2214798.207756466,739356.1721162355,wNXM,BNT,0.06227718716951386,0.7475581061712943
13101000,1629981246,137931.4025271533,2214798.207756466,739356.1721162355,wNXM,BNT,0.06227718716951386,0.7475581061712943
13102000,1629994096,137797.81361301616,2216967.0667345435,739356.1721162355,wNXM,BNT,0.06215600388506622,0.7475617664238065
13103000,1630007215,137797.81361301616,2216967.0667345435,739356.1721162355,wNXM,BNT,0.06215600388506622,0.7475617664238065
13104000,1630020532,137797.81361301616,2216967.0667345435,739356.1721162355,wNXM,BNT,0.06215600388506622,0.7475617664238065
13105000,1630034139,137452.71032465147,2222589.5593553246,739356.1721162355,wNXM,BNT,0.061843496810324465,0.7475712416743852
13106000,1630047276,136942.68965620425,2230951.048768221,739356.1721162355,wNXM,BNT,0.06138309925348415,0.7475852853607146
13107000,1630060700,136725.18135184672,2234536.048768221,739356.1721162355,wNXM,BNT,0.06118727931340196,0.7475912919525731
13108000,1630075139,136725.18135184672,2234536.048768221,739356.1721162355,wNXM,BNT,0.06118727931340196,0.7475912919525731
13109000,1630088080,136725.18135184672,2234536.048768221,739356.1721162355,wNXM,BNT,0.06118727931340196,0.7475912919525731
13110000,1630101443,136725.18135184672,2234536.048768221,739356.1721162355,wNXM,BNT,0.06118727931340196,0.7475912919525731
13111000,1630114977,126517.61167241522,2067711.019220033,684171.110542832,wNXM,BNT,0.06118727931340197,0.7475765700951641
13112000,1630128368,126517.61167241522,2067711.019220033,684171.110542832,wNXM,BNT,0.06118727931340197,0.7475765700951641
13113000,1630142199,126517.61167241522,2067711.019220033,684171.110542832,wNXM,BNT,0.06118727931340197,0.7475765700951641
13114000,1630155171,126063.08697241519,2075241.8001782533,684171.110542832,wNXM,BNT,0.0607462161573591,0.7475901836612927
13115000,1630168272,126063.08697241519,2075241.8001782533,684171.110542832,wNXM,BNT,0.0607462161573591,0.7475901836612927
13116000,1630181503,126063.08697241519,2075241.8001782533,684171.110542832,wNXM,BNT,0.0607462161573591,0.7475901836612927
13117000,1630194977,126522.36656851035,2067877.8998773175,684171.110542832,wNXM,BNT,0.06118464082236994,0.7476207856366108
13118000,1630207739,126404.96858734006,2069817.8486194545,684171.110542832,wNXM,BNT,0.06107057617251236,0.7476242924747107
13119000,1630221681,126078.1550445267,2075237.441511144,684171.110542832,wNXM,BNT,0.06075360463461919,0.7476340761804633
13120000,1630234980,126080.84748977823,2075193.5681658,684171.110542832,wNXM,BNT,0.060756186518647136,0.7476341560104589
13121000,1630248609,126080.84748977823,2075193.5681658,684171.110542832,wNXM,BNT,0.060756186518647136,0.7476341560104589
13122000,1630261721,125687.60552522127,2068721.1085351042,682042.4570102005,wNXM,BNT,0.06075618651864714,0.7476283974189295
13123000,1630274982,125687.60552522127,2068721.1085351042,682042.4570102005,wNXM,BNT,0.06075618651864714,0.7476283974189295
